[-8.41200381e+00  1.09553202e+01 -1.24583338e+01 -2.23474704e+00
  1.91383723e+01 -1.06300103e+01 -4.00951333e+01 -6.29040824e+00
  3.48787881e+01 -3.30711070e+00 -1.20219825e+01  1.59361481e+01
  5.20732535e-01  1.61016172e+01 -4.26612802e+01  8.52583985e+00
  3.75627525e+01 -5.17558872e+01 -4.13482462e+01  3.61884884e+01
  1.38431504e-01  2.07534175e+01  8.00276313e+01  2.83510811e+01
 -1.62731113e+01  1.85375974e+01 -3.52851789e+01 -3.82386007e+01
  6.43015607e+00 -1.17714283e+01  2.97195288e+01 -3.04994606e+01
 -2.75932679e+01 -6.43162588e+00  4.31123951e+00  1.73043915e+01
  2.14015014e+00  6.13636560e+00  3.22349883e+01  1.84976282e+01
  4.87622937e+00  1.34542787e+01 -1.26747061e+01 -8.46856633e+00
 -2.20107376e+01  1.84957398e+01  1.58070032e+01  6.49687132e+01
 -2.29586203e+01  9.46605272e+00  1.32639886e+01 -3.38461019e+01
 -7.04897499e-01 -3.87059150e+01 -3.88599359e+01 -5.19898395e+01
 -2.01657179e+01  1.63957841e+01  9.24428945e+00  1.39334990e+01
  2.39381220e+00 -2.19197653e+01 -2.04305557e+01  2.46497996e+01
 -6.35947474e+01  7.31204049e+00  2.33879189e+01  1.65251754e+01
 -2.92945243e+01 -2.16826220e+01  4.49819178e+00  2.61308661e+01
  2.74418217e+01 -4.28438581e+01 -4.86894427e+00  3.69636999e+01
 -4.56727375e+01  6.28919536e-02  1.06590366e+01  1.07706788e+01
  2.93971360e+01  4.48517191e+00  7.89737145e+00 -6.34706744e+01
  2.10877083e+01 -1.71775967e+01 -1.17161167e+01 -2.75171692e+00
 -1.28363734e+00 -7.99597079e+00  1.66354336e+01  1.50358183e+01
  1.34574822e+01  1.99201654e+01  1.04642540e+01 -1.59699527e+00
  3.23838899e+01  2.20690976e+00  4.83204830e+01 -1.16446439e+01
 -1.11953852e+01 -3.08958078e+01 -4.20722020e+01 -1.91807460e+01
  2.02786786e+01 -5.07897728e+01 -2.14153443e+01  1.98809533e+01
  1.81610411e+01 -3.45131007e+01 -5.09331172e+01  3.24835004e+01
  2.64929926e+01 -3.19536757e+01  1.55765874e+01 -2.90289865e+01
  4.07465645e+01  2.65683504e+01 -3.62880780e+00  1.99747810e+01
 -2.83600504e+01  1.45848959e+01 -5.64350921e+00  3.73797420e+01
  5.40199105e+00 -4.59739486e+01 -2.97810031e+01  4.44244764e+00
 -2.96491653e+01  4.12809202e+00  4.18967950e+00 -1.72343559e+01
  2.44077598e+01  6.84192655e+01 -1.15807825e+00  3.22085432e+01
 -9.68098837e-01 -1.97137761e+01  2.11149939e+01  2.96511829e+00
  3.22865498e+01 -4.59573295e+00 -9.80283498e+00 -1.00058940e+01
  2.13919085e+01  5.47665872e+00  1.59475784e+01  2.06186712e+00
  1.39760491e+01  4.09984561e+01  4.23618568e+00  2.40944105e+00
  3.43512279e+01 -2.87726959e+01  8.97585350e+00  1.32463637e+01
 -2.15743971e+01  2.97110614e+00  1.57951285e+00 -3.73308791e+01
  1.28397211e+01 -5.86053342e-01 -1.20255110e+01  2.27505741e+01
  1.93726939e+01 -5.46174845e+01  7.95715590e+00 -6.36858998e+00
  8.40715915e+00  2.19927723e+01 -2.16098794e+01 -2.05580424e+01
  4.66034799e+01 -4.67678688e+00  6.52171834e+00  6.24363167e+00
  3.25517104e+01 -2.11872342e+01 -1.90388879e+01  3.40353192e+01
 -2.02709590e+01  4.32589758e+01  1.53523699e+01  5.51843203e+01
  4.28213153e+00 -2.23990721e+01 -1.84283325e+00  1.42393798e+01
 -1.54316306e+01 -2.13205664e+01  1.93418311e+01 -1.01903958e+01
 -3.44398747e+01 -4.04169619e+00  3.45451415e+01  1.55963709e+01
  8.64227214e+00 -4.53569638e+01  1.60285226e+00 -2.40535285e+01
  2.57367715e+00 -7.51318206e+00  2.51958565e+01  7.63325200e+00
  1.04119466e+01 -1.19685110e+01  3.23532415e+01  5.14014138e+01
  3.05221259e+01 -2.05319771e+01  7.19643504e+01  5.98964494e+00
  4.48595143e+01 -2.87041326e+01  2.01186325e+01  5.60287340e+00
  1.26296300e+01  1.92337708e+01 -4.57659650e+01  2.55580729e+01
  1.56242447e+01 -3.25952418e+01 -1.09390170e+01  1.86101828e+01
  7.38320835e+00 -2.75984556e+00 -8.57582610e+00  6.90403651e+00
  3.46840699e+01 -3.83191495e+01 -6.40222311e+00 -1.71829805e+01
 -4.59105973e+01 -1.25616899e+01 -7.32217479e+00 -2.52358156e+01
 -8.91784817e+00 -9.77348203e+00 -1.43373714e+01  3.25904769e+01
  1.83901424e+01 -3.54835197e+01  2.76187716e+01 -7.38304910e+00
 -1.51954639e+01  2.56003151e+01 -6.66422884e+01 -2.02700912e+01
  2.40810792e+00  1.87350254e+01 -6.34723358e+01  1.02903787e+01
  2.15263255e+01 -1.66765979e+01 -5.62274834e+01  3.10993442e+01
  1.11285539e+01 -2.66287141e+01  3.42045363e+01 -4.88090464e+01
 -1.21132128e+00  4.89802683e+00  1.17319452e+01  3.44952982e+01
 -3.44024957e+00 -3.82061425e+01 -3.43698741e+01 -8.31747485e+00
  4.15423338e+00 -2.57426797e+01 -2.46076961e-03  2.69766879e+01
 -4.01439652e-01  7.60537284e+00 -6.69130480e+00 -1.88994850e+01
 -1.53000484e+01 -2.12036233e+01  1.29717726e+00  2.85823053e+01
 -1.81030855e+01 -2.06541389e+01 -4.94078917e+01 -1.00598687e+01
 -9.23604791e+00  1.72521191e+01 -7.50519292e+00 -2.89364251e+00
 -1.64161185e+01 -1.08727025e+01 -3.98549037e+00  2.35257090e+01
  3.40626041e+01  3.18249225e+01 -3.24402521e+01 -4.48040969e+00
  6.88311701e+00 -3.38664435e+01 -5.37492688e+01 -7.00646536e+00]