[ -5.31789214  12.8631044   -7.12957172  -4.74763145  22.49316389
  -8.61188531 -41.91331555  -9.1523318   31.20550338  -0.75672223
 -10.99500678  12.75149366  -0.75763787  18.45754965 -44.49562827
  15.88016921  30.50229158 -58.67991682 -42.15574012  37.74429222
   0.20590728  15.31315746  77.02083493  28.66459181 -15.60286093
  15.6400665  -39.37461919 -34.22936899   3.23017653  -8.50569817
  27.38527797 -33.17657411 -24.48376676  -5.16002034   1.91599137
  16.93949582  -2.21680236  10.09074908  30.10019563  22.34552416
   8.46628109  15.34400582 -13.14871969  -8.06381771 -20.67161428
  12.48883036  19.59214198  62.92144241 -23.36343073   8.46071751
   9.10763411 -34.47980057  -5.27365008 -35.07394635 -37.59477363
 -52.7999244  -19.65941157  16.70031332   6.70163328  14.22603698
  -0.14236123 -24.36261128 -16.89082786  26.04207412 -55.5301281
   2.73669127  19.27773077  16.04109871 -32.66329621 -26.98936663
   9.08265207  32.62949543  27.40975359 -40.2290616   -2.40410534
  38.20955013 -42.21102469   2.39604867  18.38975288  13.95081501
  28.80327717   9.17971179   7.54548949 -67.67980939  23.39124697
 -16.56886806 -10.3214466    4.6105759   -1.60951232 -11.48904659
  15.77196882  13.89098873   8.3782582   19.0487897    9.4611418
  -6.92485245  28.43069998  -2.40670485  41.34189625 -13.64367577
  -8.05903436 -32.61247199 -44.48900895 -17.94102025  13.56912553
 -47.52849455 -24.30826811  16.39897644  13.01948314 -37.43769191
 -50.99055232  34.06746282  22.5598143  -33.64862701  15.81910154
 -30.83930962  34.62846841  24.13402282  -1.09268399  18.22649918
 -26.18055802  15.2383737   -4.25421564  37.52719531   1.51541617
 -43.36317006 -32.1618552    5.34389567 -24.46649711   6.36791069
   3.75950947 -16.25358125  24.02435618  66.46740594   3.17433224
  26.28353338  -3.36074658 -17.1897933   19.60106851   6.18326395
  28.1548029   -5.42312677  -3.69016336  -5.23207008  17.12555105
   3.75547573  13.6810552   -3.87483089  14.55035046  40.74918012
   5.37505922   2.68650956  26.76743338 -27.24324929   4.878778
  17.28010464 -23.46387455   3.01846481   1.54345249 -35.8023529
  16.47613146   5.0256804  -11.88949572  23.75290029  14.38774729
 -52.08503135   9.52328039  -9.67682528   8.7776881   19.74398137
 -22.0344332  -16.53819767  43.07736736 -10.4147086    1.8081836
   7.73806846  29.58961762 -19.11764515 -23.43578085  36.7955463
 -22.74959553  46.25829288  12.82896382  54.76358421   1.91107527
 -27.84416526  -0.92632565  18.10632322 -16.29980858 -17.50107461
  20.70769004 -10.30404465 -34.67710821 -10.38116191  36.1339356
  17.07310939  10.45816596 -43.82913652  -2.47760759 -26.46342967
   5.59575208  -9.09084135  27.08753428  14.27015913   3.47017947
 -11.7188873   31.46970726  51.7282587   31.9222259  -20.13502317
  70.82189524   2.44085236  44.59272956 -28.78008449  13.1154588
   3.66300686  14.28672453  18.26920969 -44.54691008  29.85625048
  13.16617008 -32.83486497 -10.04201586  20.74624661  11.47753877
  -0.80605661  -8.04305817   4.00818651  36.87579545 -32.93220659
  -1.15344752 -11.52937358 -42.72510374 -11.64355523  -5.92431261
 -25.97033911  -6.72989061 -10.86987376  -8.67944513  26.47178622
  17.72765544 -38.81653243  28.96547497  -7.45189474 -15.05930828
  25.28851398 -65.36882766 -22.78871663   2.89457826  20.99501812
 -62.63717165   4.63750115  21.60172879 -16.6864625  -56.06287508
  33.08205865   7.17151602 -26.67997623  32.33542892 -46.49708033
  -8.75881122   3.93348322  14.4205889   34.25827712  -4.45755388
 -41.99901318 -36.61046654 -14.11718628   8.20185617 -23.86384656
   2.07283633  23.75861169   6.37276621   6.89135494 -12.05009187
 -19.70524728 -14.31207653 -23.60313954   0.92111716  31.56720158
 -16.12393222 -17.92903942 -50.85930604  -8.06692901  -6.9332705
  13.24161708  -8.00609495  -1.27389911 -17.88270905 -13.85002312
  -6.39968763  21.77242118  34.17407815  33.54945633 -34.72740238
  -2.31147462   6.08331515 -33.99007951 -54.0617664   -6.91153123]