[ -18.07115886   27.20400532  -17.49397759  -19.163387     60.0963407
  -24.21079935 -100.48482389  -23.18635998   77.03635967  -15.55279243
  -17.78851092   35.6861265     1.69003387   49.93994918 -113.74070324
   30.46605647   79.45545709 -146.41150555 -100.99029224   93.4287632
    0.30115093   35.58536231  187.24328384   68.92787129  -35.75917402
   39.51948133 -103.03853729  -88.95858443    9.58668639  -24.39845325
   52.4419247   -74.40444747  -62.08325028   -9.39661969    3.71641417
   39.50929159   -6.57719951   22.96839522   76.63828088   55.50211244
   26.6354298    38.62850998  -27.56700963  -26.31987891  -47.18655089
   33.56156917   48.97269866  160.2769056   -55.32080091   19.72157991
   21.006229    -84.8760284    -5.14277593  -89.83548109  -96.30631194
 -131.97730367  -40.43485895   45.5683775    12.0991007    31.8794343
    1.17380014  -50.46617111  -45.82692061   56.37749972 -139.22922327
    6.22964701   40.14384848   37.60882104  -86.65801112  -69.25992328
   25.30717715   76.69876654   62.21292858 -104.29706257   -5.22548054
   92.48184381 -110.16044171   -0.52100504   45.62987464   32.73749018
   75.18625834   20.40005907   26.16917804 -162.67048574   56.94065499
  -37.32193774  -20.64785499    6.77421537   -6.37980006  -24.69326865
   39.63572126   37.47681229   28.28254414   44.23731081   23.03220451
  -16.17223739   71.92569077   -8.52159455  106.03679224  -35.55013797
  -18.30662476  -75.09970732 -108.36882049  -36.10206812   38.77439968
 -118.92392675  -68.23700046   40.31348827   30.77861017  -91.51210707
 -118.75331885   83.65793543   57.46513589  -86.89243642   40.04869556
  -72.23938967   82.23462081   58.15350365    2.85769777   46.71143829
  -62.5131376    37.01747097  -12.0486459    86.94999911    6.79142568
 -112.14715042  -75.45576094   13.90237874  -58.81603394   16.03127518
    6.74339112  -40.37083558   52.81593617  164.83657287   11.64301132
   63.82801674  -20.52801433  -46.27090463   48.68854092   13.51950332
   73.48320998  -11.71560833  -17.37590937  -17.49944256   43.99395579
    3.63310797   36.85158117   -3.81419055   37.06348444  100.45494474
    6.25189686   10.05897361   60.22563107  -72.79802941   14.861511
   42.68302922  -56.23997493    7.41809309    3.79527724  -91.32948581
   41.7402478    18.71873696  -25.55911682   56.60724705   40.2991662
 -118.81731003   26.92897046  -23.4893776    21.558519     56.89504132
  -58.3155795   -45.62447113  107.86825926  -22.93455446    8.38655115
   24.1829545    73.46499363  -43.70033803  -50.0447199    87.79752828
  -54.89181719  110.91270178   31.08958812  135.08267862   -0.66888258
  -69.01017811   -2.72671041   46.6886029   -45.16938278  -42.24688051
   55.60372997  -30.54952717  -88.74714444  -22.14862019   90.11658139
   45.58877003   31.02563837 -109.93354056   -3.26366949  -63.55445451
   10.87794265  -22.88775929   63.99044754   25.75009918    0.72248363
  -25.66698616   76.94200331  127.47844285   70.56312639  -54.04900159
  173.26273179    1.54388178  113.32508905  -64.55310059   39.47943995
    8.1409033    44.88666084   39.06887568 -104.58373258   66.5213706
   35.45911143  -78.26875931  -26.67661801   50.3514673    31.05478503
    0.97295663  -17.53473041   10.94498323   90.67393896  -82.8852319
   -6.66469113  -26.92243    -103.16559269  -18.48218656  -12.99206055
  -65.69636198  -19.09013802  -23.08123969  -21.66009722   69.27979434
   39.67768604 -103.53301431   69.37451757  -22.02583646  -30.52550033
   65.22618126 -159.04396077  -50.20366195   -0.89996601   52.04558682
 -151.75198738   10.8179697    57.65741714  -43.2769676  -133.47880203
   77.13242064   16.25123785  -63.7913639    80.14266838 -115.52441523
  -22.53297451    8.92215979   30.11522858   82.84162083  -11.76742109
 -100.12481533  -84.87146385  -38.30340388   24.3974125   -61.6131574
    5.49641987   54.13606974    8.61918102   15.83194414  -29.12670627
  -48.61281407  -34.54347268  -54.67910022   -2.65397601   78.67889788
  -37.23394149  -43.84908565 -118.33111973  -22.70519262  -15.28508356
   30.52090036  -13.48770325   -1.25936608  -38.69285631  -36.59659095
  -10.56054303   49.39027275   82.15675722   78.97153682  -83.41002086
   -6.74972165   20.14378952  -87.91735818 -133.50479059  -20.98247318]