[-1.13313042e+01  2.51347786e+01 -1.27306402e+01 -2.22975617e+01
  5.27705197e+01 -2.38560156e+01 -9.34291551e+01 -2.81524594e+01
  7.09165332e+01 -1.08889011e+01 -1.09737941e+01  3.68196737e+01
  2.07030420e+00  5.10439849e+01 -1.06055024e+02  2.76333583e+01
  7.14955055e+01 -1.41349764e+02 -9.87571907e+01  9.39344818e+01
  1.07957812e+01  3.79527411e+01  1.79095866e+02  5.83086008e+01
 -3.20491269e+01  4.34513870e+01 -9.79250002e+01 -8.58196923e+01
  9.58821507e+00 -2.82664126e+01  5.11249017e+01 -6.83558220e+01
 -6.38334508e+01 -4.82039398e+00 -2.66660098e+00  3.79086915e+01
 -8.86651504e+00  2.12697717e+01  7.38674072e+01  5.12425114e+01
  2.60342577e+01  3.55358761e+01 -2.39837548e+01 -3.04849606e+01
 -5.27259471e+01  3.95023189e+01  4.41451243e+01  1.52585798e+02
 -5.51663510e+01  1.78912311e+01  1.99717886e+01 -7.62101126e+01
 -5.42457840e+00 -8.40818280e+01 -9.87496974e+01 -1.29229399e+02
 -3.59984558e+01  4.89154987e+01  1.06114157e+01  3.45588153e+01
  6.89160720e-01 -4.52963447e+01 -4.95785809e+01  5.37327768e+01
 -1.34904781e+02  3.10494808e+00  3.85804209e+01  2.92745741e+01
 -9.08777838e+01 -6.39087265e+01  2.34079803e+01  7.76346615e+01
  6.14042126e+01 -1.01979079e+02 -4.59594937e+00  8.95433084e+01
 -1.08882348e+02 -4.78752233e-01  3.78346812e+01  2.95938565e+01
  6.70098439e+01  2.04318466e+01  2.17883009e+01 -1.56958414e+02
  5.54362510e+01 -3.71331589e+01 -1.91236031e+01  5.00295706e+00
 -6.62935201e+00 -2.70801952e+01  3.49713954e+01  3.62014225e+01
  2.47186971e+01  3.46460450e+01  2.28448178e+01 -1.44106820e+01
  6.95442169e+01 -2.27896400e+00  1.02310084e+02 -3.71846038e+01
 -2.14886570e+01 -7.19550768e+01 -1.00905526e+02 -4.05528863e+01
  3.71672531e+01 -1.13401768e+02 -6.76202857e+01  3.89516527e+01
  3.18079615e+01 -8.58268346e+01 -1.12152466e+02  8.14765470e+01
  5.44155885e+01 -8.32731289e+01  3.42768199e+01 -6.09531866e+01
  8.53224588e+01  5.11802660e+01  1.30476727e-01  4.62358657e+01
 -5.92244310e+01  3.77780427e+01 -8.67381848e+00  8.59406458e+01
  3.19562797e+00 -1.10333429e+02 -7.61967119e+01  1.56784887e+01
 -5.72800508e+01  1.37838953e+01  3.34781236e+00 -3.49272371e+01
  4.83765618e+01  1.60498665e+02  1.25173697e+01  6.12287834e+01
 -2.41924614e+01 -4.64103769e+01  4.69405554e+01  1.45300563e+01
  7.46398369e+01 -1.15900975e+01 -1.74149506e+01 -2.36047691e+01
  3.89448354e+01  7.19850774e+00  3.52778693e+01 -1.48076482e+00
  3.55561685e+01  9.24278529e+01  1.10557393e+01  9.56111880e+00
  5.97939632e+01 -6.46212708e+01  1.10595560e+01  4.36040231e+01
 -5.68866209e+01  9.09551090e+00 -1.82649592e+00 -8.57091386e+01
  4.01624409e+01  1.63614324e+01 -2.11173230e+01  5.77479853e+01
  3.44469246e+01 -1.14282558e+02  2.44297986e+01 -2.67273016e+01
  2.41729797e+01  5.17516378e+01 -5.97382101e+01 -4.69990293e+01
  1.04649537e+02 -2.10485937e+01  6.71339237e+00  2.02719627e+01
  7.24961501e+01 -4.06750451e+01 -4.41899091e+01  8.07862942e+01
 -4.83905564e+01  1.08757892e+02  3.26757512e+01  1.28713931e+02
 -2.50514133e+00 -6.87914942e+01 -8.22665530e-01  4.30691240e+01
 -4.25491767e+01 -4.48878441e+01  5.57549601e+01 -2.71603148e+01
 -8.58152106e+01 -1.76338597e+01  8.40676710e+01  4.50804888e+01
  3.31278458e+01 -1.10841287e+02 -3.12321265e+00 -6.39235010e+01
  1.29326748e+01 -2.63771455e+01  5.91387531e+01  2.69575942e+01
  6.37702355e+00 -2.73610635e+01  7.66730787e+01  1.23424127e+02
  6.85270811e+01 -4.96016431e+01  1.67554131e+02  7.35205234e+00
  1.13204565e+02 -6.38741503e+01  4.12907884e+01  4.68130582e+00
  4.34201066e+01  3.78558362e+01 -1.03021685e+02  6.13814637e+01
  4.18755346e+01 -7.42560792e+01 -2.41488530e+01  5.29261889e+01
  2.77233230e+01 -2.25607815e+00 -2.06120734e+01  6.48449234e+00
  8.40245886e+01 -8.07553520e+01 -5.66166588e+00 -3.19172225e+01
 -9.75715501e+01 -1.75321641e+01 -5.90589197e+00 -6.27091408e+01
 -1.40635025e+01 -1.61682756e+01 -2.05637946e+01  6.61911242e+01
  3.94676601e+01 -9.96866789e+01  7.58889367e+01 -2.34036810e+01
 -2.81884887e+01  6.25779891e+01 -1.51131342e+02 -4.98902913e+01
 -3.13120163e+00  4.73966141e+01 -1.46622446e+02  1.51888241e+01
  6.07387108e+01 -4.15489471e+01 -1.28689144e+02  8.02715773e+01
  2.09012315e+01 -5.99652320e+01  7.46556875e+01 -1.19199958e+02
 -1.40160572e+01  7.55475251e+00  2.84466583e+01  7.87991580e+01
 -1.09671981e+01 -9.26457077e+01 -7.70575753e+01 -3.30840864e+01
  2.55881904e+01 -5.62619957e+01  8.70051713e+00  5.24892127e+01
  1.15141566e+01  1.54021495e+01 -2.74099784e+01 -4.41870341e+01
 -3.56856784e+01 -5.23833255e+01 -4.37753391e+00  7.38891603e+01
 -3.20855833e+01 -4.14627348e+01 -1.13783430e+02 -2.35101145e+01
 -1.56338011e+01  3.31435804e+01 -1.75914060e+01 -4.72002470e-01
 -3.35433884e+01 -3.57687216e+01 -5.77687482e+00  4.62241913e+01
  7.52664261e+01  7.38423931e+01 -8.10559273e+01 -6.53453285e+00
  1.03938912e+01 -8.56773951e+01 -1.30949801e+02 -1.78374048e+01]