[-6.09030510e+00  9.19663239e+00 -5.79414361e+00 -7.69800833e+00
  1.71971154e+01 -7.09940506e+00 -2.55455970e+01 -5.99594613e+00
  1.97436929e+01 -5.87909988e+00 -3.69116529e+00  9.73864667e+00
  3.01221397e+00  1.32145603e+01 -3.04180004e+01  6.93011096e+00
  2.36227816e+01 -3.96733483e+01 -2.81470276e+01  2.36719174e+01
 -1.40955456e+00  9.31619879e+00  5.21731800e+01  1.83858939e+01
 -9.52562938e+00  1.14294936e+01 -2.90198273e+01 -2.16370168e+01
  3.05710600e+00 -7.01309542e+00  1.15571232e+01 -1.99772091e+01
 -1.76570870e+01 -2.24486708e-01  4.87884042e-01  1.03122100e+01
 -9.59920569e-01  5.78857049e+00  1.95413159e+01  1.47146720e+01
  7.23344357e+00  1.18209735e+01 -6.24860384e+00 -8.69184161e+00
 -9.01901834e+00  8.86734523e+00  1.36629246e+01  4.47893734e+01
 -1.33288012e+01  4.54412778e+00  5.84599570e+00 -2.44265801e+01
  6.16035356e-01 -2.51633912e+01 -2.63545591e+01 -3.70212703e+01
 -9.81715399e+00  1.18778702e+01  3.48581058e+00  8.37870978e+00
 -1.39930192e+00 -9.90680101e+00 -1.10469420e+01  1.53016062e+01
 -3.84498867e+01  3.46625208e+00  1.00793199e+01  1.25595771e+01
 -2.30742913e+01 -1.95014951e+01  5.44376895e+00  2.14889046e+01
  1.65481957e+01 -3.08572341e+01 -3.30504010e+00  2.45266932e+01
 -3.18688986e+01 -1.31444445e+00  1.12698745e+01  7.42735854e+00
  2.10599813e+01  6.82751251e+00  9.92175813e+00 -4.19892520e+01
  1.55789302e+01 -9.14384767e+00 -6.71546667e+00  5.07770481e-01
 -2.71049000e+00 -5.51463250e+00  1.13265057e+01  1.18582128e+01
  8.59622031e+00  1.25034630e+01  5.95794278e+00 -2.65502798e+00
  1.93722634e+01 -2.10558545e+00  2.96345842e+01 -8.95808727e+00
 -3.36357786e+00 -1.90794581e+01 -2.99719203e+01 -6.24552812e+00
  1.05468203e+01 -3.32927430e+01 -1.95068844e+01  1.27006065e+01
  8.76869171e+00 -2.54568460e+01 -3.04307256e+01  2.43956947e+01
  1.69770601e+01 -2.60000696e+01  1.24145066e+01 -1.90915041e+01
  2.11391970e+01  1.58688895e+01  2.01239854e+00  1.33761846e+01
 -1.65958743e+01  1.01451924e+01 -1.50070608e+00  2.11011475e+01
  3.52680172e+00 -3.43469560e+01 -1.84761058e+01  4.54858103e+00
 -1.69786878e+01  4.77177594e+00  2.62544555e+00 -1.26735501e+01
  1.31498768e+01  4.46563032e+01  3.82943394e+00  1.78131625e+01
 -8.15595123e+00 -1.29334431e+01  1.13526796e+01  3.93738838e+00
  2.13221462e+01 -2.44006852e+00 -5.60586476e+00 -6.41195226e+00
  1.25890602e+01  6.45467376e-01  9.25956858e+00  1.05635437e+00
  1.07680962e+01  2.54634060e+01 -2.14291120e+00  1.50807650e+00
  1.58787898e+01 -2.06924484e+01  6.41097367e+00  1.02547174e+01
 -1.55119326e+01  2.88513444e+00  4.00456483e-02 -2.59790594e+01
  1.20772954e+01  4.75281494e+00 -5.75837504e+00  1.92990611e+01
  1.26181425e+01 -3.22777749e+01  7.35293534e+00 -4.51497478e+00
  5.37250449e+00  1.63309165e+01 -1.51116111e+01 -1.15553398e+01
  3.02718141e+01 -6.66708931e+00  2.48245995e+00  5.82050994e+00
  2.03443704e+01 -1.05770273e+01 -1.27105583e+01  2.37668170e+01
 -1.38369477e+01  2.88108870e+01  9.55726269e+00  3.82223018e+01
 -1.49557917e+00 -1.89882717e+01 -7.19848249e-01  1.41327843e+01
 -1.21978005e+01 -1.22749652e+01  1.58905627e+01 -8.60695413e+00
 -2.49128336e+01 -6.94345532e+00  2.51843040e+01  1.26892214e+01
  9.73881374e+00 -2.90344501e+01  2.89426109e-01 -1.61265281e+01
  2.18791610e+00 -6.46522379e+00  1.98104303e+01  8.35633570e+00
 -1.12106418e-01 -5.89736648e+00  1.98581480e+01  3.42840935e+01
  1.94515278e+01 -1.55910925e+01  4.89534449e+01  1.05829554e+00
  3.22829167e+01 -1.72508628e+01  1.14023952e+01  1.59391411e+00
  1.33007442e+01  1.02186918e+01 -2.98925265e+01  1.91860602e+01
  1.15732508e+01 -2.17258188e+01 -6.05753981e+00  1.22804958e+01
  9.59496847e+00  2.16870543e+00 -3.02609874e+00  3.17357865e+00
  2.43426187e+01 -2.20066631e+01 -3.01681502e+00 -7.07591537e+00
 -2.85483639e+01 -3.47338910e+00 -5.00292807e+00 -1.89122406e+01
 -7.20402771e+00 -6.00541014e+00 -6.87901240e+00  1.90542313e+01
  1.10153634e+01 -2.91769045e+01  1.78569316e+01 -2.65573291e+00
 -6.16478249e+00  1.73439779e+01 -4.18898719e+01 -1.30978866e+01
 -6.52568110e-01  1.77592185e+01 -4.00133748e+01  3.07762090e+00
  1.64425169e+01 -1.28260090e+01 -3.60718002e+01  2.04978418e+01
  4.18910012e+00 -1.58932219e+01  2.23019557e+01 -3.10212935e+01
 -5.39838367e+00  2.22621238e+00  7.08814238e+00  2.29948015e+01
 -2.41491868e+00 -2.50118311e+01 -2.46499448e+01 -1.13718485e+01
  6.62945264e+00 -1.54448337e+01  6.19631305e-01  1.58974461e+01
  1.32784598e+00  3.01447288e+00 -6.70188019e+00 -1.25049736e+01
 -9.22819011e+00 -1.51828257e+01 -1.80942068e+00  2.16518855e+01
 -9.84395612e+00 -1.02671634e+01 -3.06156207e+01 -5.62395014e+00
 -4.24049896e+00  8.95077458e+00 -3.87119801e+00  8.97877900e-01
 -1.11513733e+01 -9.05711738e+00 -2.95139882e+00  1.14380310e+01
  1.87711147e+01  2.24639092e+01 -2.29387091e+01 -3.11816891e+00
  7.13687676e+00 -2.42886917e+01 -3.67558969e+01 -5.65074221e+00]