[ -11.92701195   35.5035983   -31.01928772  -14.31864941   54.49846778
  -27.42410649  -97.40662534  -18.79060946   76.31726969  -10.58243349
  -17.23194891   39.01512283   14.82885905   47.48644052 -103.12445848
   27.41473964   86.48675123 -137.52099513 -102.09913912   95.47863097
   -0.928662     44.9022173   186.4502908    73.76607582  -38.15469249
   43.48693111  -95.89518971  -84.76588742   11.8791335   -30.35885141
   59.38832989  -76.74667593  -78.19394667   -7.40250218    8.43488476
   40.93108466   -2.785409     16.95109301   77.0724828    51.31803614
   14.05841556   41.8739214   -31.47661364  -23.63748818  -39.80770485
   36.85623687   39.80148187  156.70239045  -55.24208655   22.70716881
   25.73472084  -89.75406935   -1.88238637  -93.89572719 -100.26483479
 -133.65021588  -52.0918448    42.75654125   21.18332082   38.51056269
    1.59421085  -49.68752239  -51.61091412   61.66719485 -153.21081311
   12.17213873   51.12608452   45.84216525  -79.99434372  -58.08218732
   17.32447915   72.74066899   69.62491917 -103.00761021   -4.32491924
   91.19620544 -111.74507549   -5.48237328   39.84268062   35.22356198
   75.20865777   17.96527047   30.88929762 -157.50346642   54.49031561
  -38.37230113  -24.50211151   12.49428122   -6.40769614  -21.81934832
   33.94832447   40.00608303   24.36889699   36.80861177   29.35763617
   -9.06482745   74.94821863   -4.95680372  116.05014617  -41.12512344
  -24.69047302  -77.40185997 -110.14973149  -35.30615625   40.37077348
 -124.67500399  -62.64834389   48.69504117   36.00921381  -94.15479576
 -125.84146395   91.80198261   51.99601477  -84.24563837   38.26382623
  -71.29597861   94.12976003   66.18184784   -2.61848646   45.03743192
  -56.937625     39.29048271  -15.36470797   92.85612411   16.22442924
 -116.43644496  -69.34442074   14.46676644  -68.0620535    12.97757012
    6.22720755  -40.55642077   54.6529485   160.30829374    9.22453175
   79.03500535  -14.93613212  -46.0410873    50.42472756    8.71705091
   69.3672806   -11.92372993  -19.69435978  -27.94701273   39.19422384
    5.98071163   37.17175211   -1.56231768   35.06606122   95.24131008
   10.83551586    6.25474954   72.95625027  -68.94601517   22.1069437
   36.78386769  -48.59771832    9.66547561   -3.23788959  -91.13076948
   43.28253899    5.90437932  -26.7594956    52.40127733   41.81972946
 -131.7858053    25.82828618  -19.48955697   13.19592262   53.89479348
  -49.50455478  -47.6144481   109.42562815  -13.57978158   22.62998075
    9.3811564    80.63603426  -43.8919363   -42.64636326   93.80706161
  -51.19812027  112.61483902   36.71167996  139.1612248    -3.69937355
  -63.82918452   -7.61956644   43.63481731  -38.53530014  -47.63284153
   58.31047     -24.80876934  -88.99760224  -19.80579437   88.41381303
   37.07626183   30.45526311 -113.70205291    3.6579502   -58.28105793
    0.37128414   -9.37028851   67.030181     30.5765401    19.98749071
  -28.50345864   79.51085661  128.33899988   70.5212974   -51.88264735
  176.18889371    2.05937584  110.18692927  -71.97719957   39.10501804
    1.88006086   45.33606187   43.7859899  -116.900798     66.82178026
   40.2666695   -82.68438715  -28.12630503   50.10112358   20.85407858
   -4.71396001  -19.01023492    2.6015707    85.54697135  -81.93089804
  -10.78324679  -32.64230808 -102.15749498  -29.55435235  -15.9204814
  -71.96933045  -17.03093116  -23.10884731  -31.96684836   80.60432149
   46.3152262   -96.69375809   67.39260246  -14.8197789   -31.95244321
   67.62013208 -157.99549451  -47.4057957    -1.70591843   58.73891872
 -151.74387216   21.92863398   60.43579725  -41.35881263 -139.22020248
   76.12572801   23.9221668   -59.76743046   89.28303012 -118.34701209
  -12.19058063    2.89948934   27.97564861   86.41039984  -10.06269897
 -102.20153306  -81.55119815  -34.33587119   15.4779714   -63.56624032
    5.58546846   64.34159059    7.45757015   17.47089315  -24.91861547
  -49.85212301  -35.64741673  -50.45717625   -1.09276656   79.48758106
  -38.47847921  -50.67661471 -118.1983523   -25.93291199  -21.79634001
   41.85809003  -24.39291858   -4.5945887   -44.47292748  -32.39134252
  -10.0288861    52.82309025   67.63642438   83.72240394  -87.6081719
  -17.78343913   17.78328923  -86.88251923 -132.71251238  -15.10554494]