[ -13.10669755   18.02633779  -11.69886202  -11.59865796   39.10090604
  -14.49256372  -66.48155831  -15.84132224   54.59714588  -13.96887437
  -10.8272746    27.25542262   -2.29993756   31.99846974  -73.2174303
   17.26290818   55.56408993  -94.24833816  -63.07600922   66.41950657
   -1.26090568   21.38501438  122.99595996   45.76046253  -23.47155084
   25.66071336  -68.81203484  -63.54057804    4.54845818  -16.9578562
   35.90294954  -48.06340126  -42.6861399    -7.75003757    3.40262777
   21.51073418   -3.56521529   15.04309314   52.70318443   41.23881403
   16.42198803   23.70087682  -19.03658692  -18.29808604  -33.19618273
   24.85606123   32.53231191  104.09767567  -36.51474588   15.03069262
   15.40303196  -56.04453502   -1.80926933  -63.08890538  -65.96588301
  -85.24893089  -23.14887379   25.97964677    5.91306521   20.05134068
    1.48094552  -32.14872248  -32.84788151   33.96918329  -94.59703145
    3.10498563   28.10775319   22.40638623  -58.38449469  -44.68455567
   17.91539664   47.94047633   39.10865273  -67.29481849    0.17098136
   62.68037069  -74.77582561    0.90947379   30.40453282   25.66377204
   51.19556225   14.08875817   15.68378382 -103.78150736   34.5434001
  -25.53067643  -15.71614215    4.72415579   -4.83807581  -13.49201457
   26.96225995   26.21852149   20.25383809   27.33681606   15.70394016
  -11.03007462   50.42395926   -7.29842789   71.30905832  -26.77696868
  -10.27317552  -48.95575039  -73.66332583  -25.2901937    25.50219727
  -79.11719155  -47.76595504   29.12104306   19.47939234  -59.00864678
  -79.30971216   55.07476808   37.35990853  -58.75469347   27.42255899
  -47.25311874   54.89825434   40.04956124   -1.48403586   30.20608757
  -39.81111608   22.04591566  -11.20800353   58.42663133    7.83108033
  -72.5973684   -50.2387462    11.18037954  -36.12793685   11.33434544
    6.32529445  -26.42711711   36.26532181  110.33435055    9.23471063
   42.85469493  -12.03202239  -30.188772     39.09284718    6.2486395
   52.45021537   -5.2582166   -12.03925612  -12.823328     29.52924361
    2.36010042   24.64218065   -1.25495642   22.40818544   65.29919604
    3.17737004    8.32210611   38.35418746  -47.53956327    7.85995631
   27.18912462  -35.26737779    4.73523707    3.94633857  -60.73605705
   26.58146364   15.00146121  -15.55567459   34.65320975   27.08856247
  -75.18380113   16.17392769  -15.46926921   15.16759037   36.78681215
  -39.4760178   -34.14866178   71.93989324  -14.59142169    8.4516222
   16.65412831   46.30339134  -25.6136235   -29.31655898   60.43898875
  -36.13737365   73.3781027    19.65195319   88.64127711   -2.45278584
  -46.30987476   -5.71309359   30.53905844  -30.15828242  -27.36692862
   36.40925782  -20.61995716  -57.18277609  -14.22746828   58.69263871
   27.49287161   19.72265672  -74.4879627    -0.62959033  -38.69590725
    5.59889116  -12.03725719   37.55432237   17.21922848    0.81423219
  -14.88766651   51.81390207   85.20660961   44.13358244  -32.1718628
  112.80225629   -4.1288461    75.99349765  -41.1133374    23.42004486
    2.52547129   31.39145872   24.28995963  -67.25042456   42.75505347
   23.93139334  -51.82979162  -17.43813073   34.9633164    20.90234237
    0.58627217  -12.52954498    6.96669171   59.27398438  -56.64652067
   -3.81225228  -17.35557517  -65.15805751  -14.79100518   -5.98434445
  -45.22876844  -13.09147548  -17.15804402  -14.1013792    48.59691541
   25.16137019  -66.85322474   46.37524192  -13.38193682  -18.02269838
   46.74377716 -105.05586913  -33.62256079   -3.33514669   31.07022287
 -100.99679872    8.3797571    38.81580518  -28.89908155  -87.7000004
   48.9846315    12.3220337   -42.58909619   52.47678917  -75.07879171
  -15.66984945    6.29814157   17.24565364   54.67801654   -8.73870537
  -66.4523092   -55.94356262  -22.65338783   15.62646349  -42.88037843
    3.09234542   36.2553916     4.93224497   16.58792095  -17.82953243
  -32.42157265  -19.82231292  -38.64091425   -0.5814875    53.92258281
  -26.76356107  -33.43613528  -81.43731504  -17.98239681   -6.6352263
   17.77812388   -9.60400535   -2.64058794  -27.16537323  -23.29623575
   -4.50338127   34.28762403   54.87921126   49.95899697  -59.41384052
   -3.82089388   10.72670609  -59.03115099  -90.99123352  -14.31438313]