[-2.39600528e+01  3.31521633e+01 -3.46226784e+01 -7.84791255e+00
  7.05016516e+01 -3.00469467e+01 -1.29240478e+02 -3.19681763e+01
  1.04729400e+02 -2.92361004e+01 -2.81067787e+01  4.14823643e+01
  1.75694451e+01  4.90039527e+01 -1.33461863e+02  1.93700929e+01
  1.17698665e+02 -1.83657207e+02 -1.19455884e+02  1.17229347e+02
  8.21384505e+00  6.59802615e+01  2.36390601e+02  8.57229814e+01
 -4.72382575e+01  5.92235127e+01 -1.16580911e+02 -1.19564723e+02
  1.50130690e+01 -3.99474216e+01  8.11800297e+01 -9.36223381e+01
 -9.39104982e+01 -2.07132377e+01  1.42985596e+01  5.11629269e+01
  1.29402597e+00  2.95422669e+01  9.61876944e+01  6.10756998e+01
  2.68589675e+01  3.72073412e+01 -4.54830824e+01 -3.71731198e+01
 -6.00383189e+01  4.92478273e+01  4.37051167e+01  2.03032593e+02
 -6.57058745e+01  2.65166575e+01  3.53694244e+01 -1.14822240e+02
 -7.53559612e+00 -1.27288064e+02 -1.24198275e+02 -1.66974613e+02
 -5.14325181e+01  5.67102485e+01  2.67265545e+01  4.55230163e+01
  7.30874499e+00 -6.30641885e+01 -6.93240550e+01  6.90323025e+01
 -1.89732512e+02  1.77051466e+01  6.48704831e+01  6.08362480e+01
 -1.08022331e+02 -7.54805285e+01  1.71403111e+01  9.24681591e+01
  8.43309703e+01 -1.30590511e+02 -1.99798640e+01  1.20263869e+02
 -1.54576756e+02 -7.66858678e-01  4.01209654e+01  4.07954476e+01
  9.79735549e+01  2.37618917e+01  3.65405996e+01 -1.91373046e+02
  6.28920481e+01 -4.94079435e+01 -4.45185606e+01  2.55430306e+00
 -9.54865437e+00 -3.77357316e+01  4.60265056e+01  6.08531494e+01
  3.82512234e+01  5.45643047e+01  3.79706041e+01 -5.60222816e+00
  9.96726594e+01 -5.00476152e+00  1.49553372e+02 -5.14788330e+01
 -4.32286088e+01 -1.03021660e+02 -1.45705084e+02 -6.24293432e+01
  5.33036424e+01 -1.53117548e+02 -8.09477588e+01  5.50688188e+01
  4.69441652e+01 -1.14404696e+02 -1.66646702e+02  1.12869341e+02
  9.25804762e+01 -1.11790326e+02  6.17299306e+01 -8.43636766e+01
  1.18807597e+02  8.51278385e+01  5.34599943e+00  6.56498259e+01
 -8.46338223e+01  4.09331422e+01 -2.35269199e+01  1.03795787e+02
  2.71785797e+01 -1.53366229e+02 -1.00528327e+02  1.90122555e+01
 -8.74613213e+01  1.75657978e+01  4.75597806e+00 -5.30390793e+01
  7.44332423e+01  2.15834694e+02  1.03791003e+00  9.42108917e+01
 -8.23795561e+00 -5.58536993e+01  6.84296924e+01  1.52282360e+01
  1.04465673e+02 -6.08479835e+00 -2.85874675e+01 -3.13282830e+01
  6.03209237e+01  1.54947789e+01  5.59538798e+01 -9.41505546e+00
  5.03144298e+01  1.25931793e+02  6.64170808e+00  8.77347290e+00
  8.50639289e+01 -9.70697426e+01  2.93070626e+01  5.10988384e+01
 -7.30446690e+01  2.16683053e+00  4.02669180e-01 -1.13804914e+02
  4.27417731e+01  1.70420675e+01 -3.40830599e+01  6.82866688e+01
  5.45702447e+01 -1.62287553e+02  3.12945934e+01 -1.93572191e+01
  2.54540760e+01  7.55461899e+01 -7.33007507e+01 -6.95402002e+01
  1.43241482e+02 -2.14037405e+01  2.34498735e+01  2.74291901e+01
  9.43528184e+01 -6.29118770e+01 -5.92667145e+01  1.07763302e+02
 -6.49849045e+01  1.41176939e+02  4.09945348e+01  1.77850015e+02
 -6.81599669e-01 -8.15313653e+01 -8.53484315e-02  5.05576548e+01
 -4.77860978e+01 -5.64715233e+01  6.98793343e+01 -3.13479848e+01
 -1.09516264e+02 -2.08196591e+01  1.15739319e+02  6.09485727e+01
  3.11191231e+01 -1.55395336e+02  5.56272014e+00 -7.65842512e+01
  1.06514512e+01 -1.65622011e+01  8.81965054e+01  2.70132588e+01
  1.83631916e+01 -3.20887813e+01  1.02872473e+02  1.58640700e+02
  9.09990527e+01 -6.00419154e+01  2.34788082e+02  4.51519139e+00
  1.46050456e+02 -8.71412964e+01  5.66225983e+01  3.23356147e+00
  6.45115076e+01  5.86629013e+01 -1.39116888e+02  7.42464713e+01
  5.57045423e+01 -1.02706908e+02 -4.20061508e+01  6.47334345e+01
  3.43745737e+01 -9.85589531e+00 -3.44779927e+01  1.29472570e+01
  1.22858120e+02 -1.05617422e+02 -2.00271777e+01 -4.38624754e+01
 -1.34547879e+02 -2.62420403e+01 -1.88340411e+01 -8.98887318e+01
 -2.33086397e+01 -2.79766081e+01 -3.21197149e+01  1.07059745e+02
  6.06684469e+01 -1.28762929e+02  8.08831966e+01 -2.81803204e+01
 -3.58366675e+01  8.06514193e+01 -2.02604154e+02 -6.71601931e+01
 -2.42357921e+00  6.55232554e+01 -1.99374388e+02  2.33206223e+01
  6.55310928e+01 -5.10979495e+01 -1.74760718e+02  9.33922382e+01
  3.17053734e+01 -8.79591790e+01  1.06112707e+02 -1.51535771e+02
 -1.75981452e+01  1.45124668e+01  2.44266684e+01  1.03262030e+02
 -1.10196484e+01 -1.23171980e+02 -1.01960174e+02 -4.04440556e+01
  2.64751293e+01 -7.99800039e+01  2.89066240e-01  7.72110733e+01
 -2.45004789e+00  1.43514756e+01 -2.40424313e+01 -6.54910175e+01
 -4.72371913e+01 -5.94987423e+01 -4.44287806e+00  9.25418808e+01
 -6.36604186e+01 -5.71709169e+01 -1.51797346e+02 -3.46287048e+01
 -2.97032953e+01  4.30270558e+01 -2.43493852e+01  3.29474465e+00
 -6.02025954e+01 -3.83265426e+01 -8.12180432e+00  6.18694002e+01
  1.02110189e+02  9.75629320e+01 -1.03167840e+02 -1.28965502e+01
  2.44387704e+01 -1.07498755e+02 -1.76816273e+02 -2.48150177e+01]