[ -4.41592102  12.8527465  -11.57202134  -2.85556796  21.52197819
  -9.67438517 -35.98792143  -9.82079806  32.05325356  -2.22082931
 -11.13388757  12.05114569   6.4573454   15.24618186 -37.98211834
   8.63346166  34.0055035  -54.20201406 -36.2736692   34.94654604
   2.94689442  21.07941478  70.85963309  26.8234212  -14.66943833
  19.03119866 -32.72948091 -31.30453881   4.99378031 -11.20580995
  27.30148316 -30.45136573 -29.44872918  -5.66746276   4.28542989
  17.666646    -0.42580365   8.03020735  26.85042475  18.64470952
   5.53597765  13.03810272 -15.15616831  -8.95882511 -16.40302265
  11.20556185  12.20093688  58.4379813  -18.70646954   8.5132503
   8.97195499 -34.91743596  -3.72450661 -36.83098766 -35.99331308
 -51.87440901 -19.80691978  16.42096496   9.26939989  14.56815847
   2.21939282 -20.83678537 -18.78738732  24.11468062 -54.64701257
   3.96615448  20.87060101  20.79585832 -29.74862598 -20.42808204
   5.59024098  29.64450997  29.01664126 -35.68115579  -6.0450527
  36.58438471 -44.43723177  -0.44738145  14.90354091  14.03769337
  27.38322584   7.83318448  12.00603279 -59.10744226  18.19835281
 -15.4777383  -13.0399968    1.50892123  -2.05581226 -12.13624774
  12.88274107  17.58680473   8.52068323  15.8536808   12.84586629
  -3.57107394  30.04086835  -2.96320649  44.22685305 -17.14910612
 -14.58679352 -32.19547003 -43.65031532 -18.80364792  14.1462444
 -46.08280862 -21.66111877  15.75755516  16.02172035 -35.66845399
 -50.95226688  35.0307282   25.21943147 -33.23770125  19.32921201
 -28.78893634  37.44888717  27.25088643   0.45651954  20.66423101
 -21.54703235  13.25262982  -6.60971675  34.97396519   7.09913169
 -45.33624793 -27.98128992   5.21826968 -24.79742501   4.43875317
   1.16095397 -17.22148057  20.22948424  62.46017177  -0.90872343
  27.97472914  -1.14305183 -17.7145166   19.26897731   6.33402102
  26.44165918  -4.39634046  -5.93993633  -8.99548081  16.43302792
   5.63231756  16.97936208  -5.90382994  15.13822325  38.09601208
   3.47607213   0.29216271  28.84150324 -28.03015029   7.4411506
  15.97608326 -20.58121286   2.61785672  -1.95008752 -32.66494081
  13.34242044   4.17478397 -12.84290812  20.73553763  14.81184608
 -52.23011155   9.21526501  -6.20493874   7.37774143  18.19618606
 -19.9683483  -18.54400947  39.74854878  -3.52540536   8.37356674
   5.37784749  28.29621659 -19.33048909 -19.06290917  34.10776499
 -20.04363177  43.61013208  12.07675487  52.61282167  -0.76608703
 -23.93892964   2.98008838  16.44154336  -9.98252047 -17.45412613
  21.22035485  -7.21451771 -33.99917268  -7.57000014  36.03351585
  17.62897185   8.53332916 -45.38925876   0.61429364 -25.7991098
   1.98943921  -1.18893949  28.57394249   8.00466473   9.14223032
 -13.80654104  30.83779559  47.65960273  27.1111068  -17.7381818
  71.36904097   3.97393461  42.18107668 -26.48385386  14.52675535
   2.98207647  18.19185762  16.20949338 -43.55708631  23.67146873
  15.86837536 -30.03288476 -11.54841655  18.87529597   8.69283207
  -4.39042405 -11.0311141    0.6177514   36.5032107  -31.21270123
  -5.78812037 -14.62977252 -42.66681364  -9.88549046  -6.10291486
 -24.71632794  -5.00027393  -9.77971313 -10.64831908  29.4561699
  19.53338343 -36.18876281  24.02557804  -9.68548205 -11.9074669
  23.90632632 -61.27274858 -19.76399441   0.96186216  19.69656687
 -58.51919895   6.75687547  19.78459115 -14.33177759 -55.18763993
  29.4101719   11.65297166 -26.25391118  31.27592307 -45.63396026
  -3.94403002   1.89142296   8.117961    30.61638802  -4.19037095
 -37.95782394 -30.56018161 -12.76194484   6.32072803 -22.59468971
   0.92989536  22.83356954   2.88595804   4.58925384  -9.34673478
 -19.60526844 -15.986002   -19.09936408   1.96626569  28.89307611
 -19.47325383 -17.32748973 -45.42412061 -11.09090002  -9.12015909
  16.67057275 -10.43814372  -0.96664093 -20.56158833 -10.8907743
  -3.96772407  18.32642694  28.40680595  31.1131056  -31.25914893
  -1.90748164   8.00968181 -32.70576712 -50.90633775  -7.10248713]