[-1.49927467e+01  3.07596993e+01 -3.13644203e+01 -7.33007813e+00
  5.73876663e+01 -2.48060031e+01 -1.06824243e+02 -2.34028226e+01
  8.26895308e+01 -8.45200977e+00 -2.87763751e+01  3.42991425e+01
  8.56644612e+00  4.44493811e+01 -1.12023479e+02  3.20855483e+01
  8.73661409e+01 -1.48775032e+02 -1.04803568e+02  9.32625497e+01
  4.28360259e+00  5.25099054e+01  1.98375857e+02  7.51602656e+01
 -3.94274216e+01  4.64420979e+01 -9.61565659e+01 -9.17591617e+01
  1.10246645e+01 -2.70186443e+01  7.39707169e+01 -8.27553122e+01
 -7.25725689e+01 -1.47876820e+01  8.15323152e+00  4.92827825e+01
 -6.50371595e-01  2.30658306e+01  7.95991406e+01  5.13697170e+01
  1.85690658e+01  3.49078012e+01 -3.78168235e+01 -2.01585597e+01
 -5.21246330e+01  3.36409663e+01  3.93801007e+01  1.63122429e+02
 -5.92576433e+01  2.21454327e+01  2.70342662e+01 -9.51478398e+01
 -1.15344416e+01 -9.83432200e+01 -9.77474110e+01 -1.40854924e+02
 -5.08726915e+01  4.28330644e+01  2.27145056e+01  3.77304132e+01
  4.97790203e+00 -6.27575304e+01 -4.90245425e+01  6.85660639e+01
 -1.53512496e+02  1.36992817e+01  5.46694011e+01  4.76100864e+01
 -8.40355096e+01 -6.36577336e+01  1.73817434e+01  8.07680665e+01
  7.43261349e+01 -1.03903577e+02 -1.03251659e+01  9.95726283e+01
 -1.11510484e+02 -6.90186899e-02  3.99734974e+01  3.51335007e+01
  7.65943687e+01  1.95434519e+01  2.86831468e+01 -1.69680686e+02
  5.54861164e+01 -4.04079488e+01 -3.09314164e+01  7.16659830e+00
 -4.08843095e+00 -2.97354490e+01  3.69602432e+01  4.05503246e+01
  2.37040165e+01  4.74321712e+01  3.10048379e+01 -1.20011508e+01
  7.64080544e+01 -5.90232771e+00  1.18820581e+02 -3.78613373e+01
 -3.21968608e+01 -8.79720067e+01 -1.17666345e+02 -4.88351053e+01
  3.96325857e+01 -1.26274834e+02 -5.97001139e+01  4.36586677e+01
  3.91138048e+01 -9.69008443e+01 -1.40466346e+02  9.01490691e+01
  6.48443067e+01 -8.79560310e+01  4.28455066e+01 -7.80978987e+01
  9.89020460e+01  6.87745976e+01 -2.33815577e+00  4.93674027e+01
 -6.81049138e+01  3.90125401e+01 -1.81441030e+01  9.63255001e+01
  1.38179386e+01 -1.18120854e+02 -8.05887975e+01  1.28800762e+01
 -6.98269212e+01  1.14533934e+01  4.80550914e+00 -4.38813915e+01
  6.13815782e+01  1.72785607e+02  1.04833045e+00  7.62312217e+01
 -2.71752611e+00 -4.68985936e+01  5.17096473e+01  1.48400141e+01
  7.38234430e+01 -1.32706152e+01 -1.76286271e+01 -2.13408431e+01
  4.43892939e+01  1.31488986e+01  4.15887697e+01 -1.18681218e+01
  4.03940293e+01  1.05802865e+02  1.64486252e+01  4.33931097e+00
  7.78756130e+01 -7.69014115e+01  1.99970949e+01  4.24580691e+01
 -5.79668963e+01  3.86223562e+00  6.57254193e-01 -9.19475726e+01
  4.06818017e+01  6.16945806e+00 -3.20186794e+01  5.67721576e+01
  4.32292116e+01 -1.43495638e+02  2.48537534e+01 -2.06685246e+01
  1.90721135e+01  5.66854516e+01 -5.63918956e+01 -4.70005243e+01
  1.14274230e+02 -1.58554077e+01  1.66383285e+01  2.00694707e+01
  8.26135591e+01 -5.55792687e+01 -5.64448757e+01  9.28388553e+01
 -5.62795752e+01  1.19261603e+02  3.59662035e+01  1.45450159e+02
  4.10867751e+00 -6.51769143e+01 -2.68000528e+00  4.45719859e+01
 -3.90329252e+01 -4.74450939e+01  5.54139596e+01 -2.39903291e+01
 -9.19696063e+01 -2.03701125e+01  9.54054303e+01  4.53041308e+01
  2.49600982e+01 -1.21854611e+02 -1.79302303e+00 -6.76833738e+01
  8.70425370e+00 -1.65488156e+01  7.41130914e+01  2.82869003e+01
  2.04254682e+01 -3.32766390e+01  8.20281929e+01  1.32939363e+02
  7.70064515e+01 -5.07350018e+01  1.87968465e+02  8.23931718e+00
  1.10239855e+02 -7.39756535e+01  4.20438277e+01  8.19886472e+00
  4.36622499e+01  4.85154544e+01 -1.19873825e+02  7.12801264e+01
  4.08992499e+01 -8.53614996e+01 -3.06150263e+01  5.09743550e+01
  2.47524681e+01 -6.87090725e+00 -2.57291704e+01  1.21142460e+01
  9.67825405e+01 -8.78960137e+01 -9.28467703e+00 -3.62534889e+01
 -1.15287201e+02 -2.64072311e+01 -1.79913533e+01 -7.26792843e+01
 -1.70109280e+01 -2.65762469e+01 -2.87299908e+01  7.85762322e+01
  5.05460700e+01 -9.91976998e+01  6.96768303e+01 -2.38379219e+01
 -3.73209624e+01  6.60290224e+01 -1.68929225e+02 -5.53348987e+01
  4.64899683e+00  5.42683029e+01 -1.64979319e+02  1.88152302e+01
  5.53430774e+01 -3.91488731e+01 -1.47065601e+02  8.13135292e+01
  2.52128618e+01 -6.96430201e+01  8.69131116e+01 -1.24399292e+02
 -1.39945667e+01  7.98148347e+00  3.07204277e+01  8.86783446e+01
 -1.17865369e+01 -1.07682553e+02 -8.92112955e+01 -3.58652605e+01
  1.78819272e+01 -6.36021692e+01  3.51733044e+00  6.64629694e+01
  9.62755142e+00  1.28347198e+01 -2.79919014e+01 -5.00819519e+01
 -4.09573791e+01 -5.32301939e+01  1.85584101e+00  8.01414617e+01
 -4.88170804e+01 -4.92768715e+01 -1.28700398e+02 -2.63640364e+01
 -2.06677395e+01  4.10921564e+01 -2.27133952e+01 -3.59005379e+00
 -4.81069603e+01 -3.32617688e+01 -1.52280180e+01  5.51892611e+01
  8.51393181e+01  8.63789051e+01 -8.80597242e+01 -9.08249705e+00
  2.15533370e+01 -8.92754674e+01 -1.38941252e+02 -1.97568103e+01]