[ -4.85345731  14.45067216 -13.68420134  -3.2900185   27.34003947
 -15.23110416 -64.03177699  -9.29310941  45.23000989  -4.87666642
  -9.00523464  18.78855464  -3.76945114  29.60230603 -65.80756425
  15.07851005  49.63768828 -81.86523915 -67.24393171  60.44564291
   2.87281849  24.37724613 114.31694662  46.10714402 -29.29706819
  17.33190874 -56.97306421 -58.55106387   5.32254536 -18.95854157
  42.71014154 -43.66484916 -43.42761152  -6.10403417   3.25599944
  21.95076855  -3.438281    12.00847735  52.31381095  36.81252549
   6.09435428  25.5281551  -18.10838829 -17.86233479 -31.57962223
  26.61404242  30.28631182  92.22185994 -33.48780722  17.0510225
  15.40896171 -50.80566905   0.86174009 -55.32478271 -60.06310036
 -73.43541407 -33.12310129  27.75804505  14.78290201  28.91001509
   1.29860411 -34.71589036 -28.59490045  33.63723951 -88.80262129
   2.98240222  30.48159947  18.95455146 -46.0958775  -32.54832279
  10.24027276  42.42409838  38.89130923 -65.12228938  -7.14326779
  53.04441599 -68.78399719   0.65316366  19.65762441  19.51553386
  48.81592468   7.16175128   8.98846899 -96.29758389  34.27120046
 -25.86298533 -19.20933165  15.08125877  -0.67180558 -14.60920553
  21.96960586  22.20962017  13.69442568  26.73136419  14.75327187
  -6.61910233  42.5591041    4.12979048  62.47540982 -18.4250934
 -12.18012622 -45.81743587 -63.15060741 -28.82901212  24.05476914
 -72.7539274  -36.34995619  26.41381068  14.74480802 -54.00478068
 -71.16991138  54.8975855   28.06561205 -45.02890932  19.61483292
 -42.46635871  55.35161383  39.33038067  -3.3222045   24.74018577
 -43.06308246  23.36350835 -10.85341972  54.27551391   7.60527143
 -67.25175972 -52.50232811   3.47251649 -42.06020452   9.30787345
   4.42552769 -17.46836534  41.12081266  95.15997269   9.50488898
  52.18323156  -5.7527429  -25.94140078  32.36682119   0.60938933
  43.59828767  -7.22303624 -11.12106903 -11.3161317   31.38649081
   4.74759164  17.46160981   4.22994121  14.6339664   59.15351363
   6.31609684  11.63968648  41.8526028  -38.40296923   8.41133098
  21.67947967 -32.72911706   1.79175845   1.53237079 -50.3079956
  24.07824569   8.8235269  -20.44082297  27.8555181   21.04722536
 -72.45163921  14.96793425 -14.14588993   9.82753935  34.72778596
 -29.76603204 -28.87994176  75.88686643 -16.80320646  12.51794498
   0.84519579  48.04757661 -28.50591542 -31.18895674  57.57377771
 -31.10329316  68.57583214  15.99562562  81.03464361   8.39459114
 -38.07748138  -7.20312733  19.55246266 -26.22007834 -26.58760807
  30.83125616 -18.16842356 -49.98808015  -8.46112316  42.92820146
  17.74000135  13.82347853 -67.18984671  -2.20751402 -27.53113146
   8.8760334   -8.27234427  34.30501476  19.17337114   4.36610085
 -14.88410191  54.41024808  76.44848192  49.83444644 -35.01213654
 102.70063261  -2.58578586  70.08507812 -43.70571464  22.28948233
  -3.51145871  22.99667794  28.53721444 -65.12612959  42.40365577
  21.21441094 -51.64612996 -18.50910684  31.7934802   14.82946085
  -9.52864983  -7.72470619  -1.51612895  51.02465991 -50.21087205
  -4.37627051  -7.67150227 -57.17235548 -28.1352475   -6.17987536
 -40.4728487  -14.06209448 -10.56035975 -14.21876387  46.41901962
  30.36659852 -55.00579132  45.84666589  -6.70683123 -18.62051412
  45.42174924 -97.73090044 -34.66156499   2.02834622  31.59774714
 -96.69972717  11.26288922  33.7332698  -24.70255126 -84.21530055
  42.45133427  11.09311869 -34.59580231  57.1819083  -69.59846307
 -12.65725342   6.30128591  22.43356075  54.53683998  -3.95793131
 -64.93183657 -53.98125016 -16.16455561  10.30659419 -40.86265687
   1.18106132  31.22017241  -4.05757687   5.90553649 -13.58214974
 -28.72301325 -16.65935622 -26.5760013   -5.08733229  41.92120278
 -20.82718248 -28.70051982 -75.67057403 -19.19402193 -18.42576121
  23.62695378 -13.3138937   -1.0300812  -24.10599385 -21.87198116
  -2.41687524  43.31071828  43.46276476  44.70122236 -55.36755578
 -15.33854689   0.9616934  -52.08736242 -79.86612948  -8.41737191]