[ -1.05297937   8.73939672 -14.45231735   8.0218312   11.98952883
 -12.32921006 -57.92118867 -10.70550029  41.31380195   9.19622019
 -14.85303963  12.52856735 -15.71681584  17.88134223 -49.89563893
  17.96402211  35.96741962 -63.09840141 -56.15252755  50.78162976
   5.40647338  27.79240778  96.87092894  35.94294083 -26.59073612
  15.70608256 -37.47923458 -50.43240973   1.66897214 -12.26917464
  53.48642201 -40.71088814 -32.75257298  -5.50815442  -0.32298423
  22.20247479   2.56441277  10.05582597  45.99834171  32.10642947
  -1.60697692  17.58283241 -19.29586848  -8.32250032 -37.54956252
  26.07611735  23.86958131  68.33342791 -33.15023507  14.95398403
  18.68649184 -40.83359092  -7.39384063 -47.41303328 -46.20685942
 -59.18447123 -30.75426846  17.30286239  17.45259573  26.61014147
   3.18089424 -42.1203247  -22.2311687   35.11117029 -76.01119783
   7.24429544  32.95753066  13.38934175 -31.83739928 -19.02986775
   3.3524977   36.59386585  35.06905765 -49.47569924  -3.62786613
  46.71960041 -49.25353299   5.40255931  11.34465767  19.8551265
  35.8297655    4.9470266    2.32365598 -81.98091071  29.67312613
 -25.08704677 -24.47877789  12.47210965   5.1419236  -17.79338728
  15.29979341  17.21466861   6.10641746  27.40817724  18.49814424
  -2.6260825   32.80724131  11.41276861  47.02500263  -7.94922601
 -13.12821328 -44.55652398 -52.26167874 -37.44271108  19.20446456
 -58.3488016  -21.08210729  25.28018221  14.58424166 -41.07554712
 -69.97483754  41.88329014  23.93889413 -31.37277408  10.48774174
 -33.96452081  49.88563663  31.22826193 -12.56968786  18.40618244
 -41.68817708  17.34753021  -9.70256322  46.60063759   4.87748877
 -52.38410495 -48.20649991   1.99969912 -37.93654238   4.56101817
   7.76343753 -12.55474295  43.52505846  81.99862701   0.99577041
  48.68141086  13.14226408 -18.93673605  33.24928045  -0.59454382
  36.80627862  -6.09585917  -7.10518329  -7.3669067   26.86425873
  15.94441659  10.30911637   1.25739207  11.81359248  46.23014087
  13.37077261   8.0204791   44.56898995 -30.80049078   2.76817495
  18.52502779 -31.18906365  -4.14889991  -0.28420118 -35.66543978
  16.58458529  -1.33817022 -21.4115317   25.81408687  13.38586982
 -68.71491414  10.77350744 -11.65718056   8.36829924  23.15874754
 -24.60938303 -23.4964021   67.08427863 -14.7268567    8.02435944
   0.87471     43.91832117 -27.40360998 -32.57609759  49.93064151
 -25.36460821  58.12503769  10.8793389   66.48831118  20.16279966
 -25.26663791  -9.1269234   12.34283414 -20.92830559 -24.96419781
  17.1027799  -11.42288558 -38.41215513  -6.00974074  34.86748331
   7.3323108    4.72665921 -61.1118585   -6.85781526 -23.62315156
   8.62284412  -8.01507373  28.55227879  23.20750498  15.04460977
 -17.25335981  49.62921062  65.02160354  49.04044648 -22.17204913
  82.59409108   2.36743423  54.25706263 -40.65889708  13.07042817
  -2.10655427   8.45578743  31.26226546 -56.40562341  41.36348411
  21.9925547  -44.65248206 -10.29806476  23.95081461  10.33245761
 -12.79913544  -9.11257426   1.83073881  40.27977357 -45.77660665
   3.83784834  -9.1161575  -49.05036779 -34.72983754 -10.31951171
 -34.43589137 -11.91602766 -11.98178921 -13.12588336  40.4401266
  31.87508159 -33.15349907  40.5787435   -6.61368157 -22.0434725
  34.17932512 -82.58688696 -35.61904754  10.48079246  19.38420513
 -85.7604689   14.50288409  22.75547499 -13.11580445 -71.88849644
  36.57567004  12.11311705 -30.49588084  46.66220853 -57.1370894
  -6.36590376   9.08987512  22.54999289  46.09934743  -2.06838084
 -53.7385331  -47.7927133   -1.88901348   4.85404806 -36.66806597
   1.47112689  34.11370208   0.6215043    2.58743268  -8.90727315
 -18.05766623 -16.84289439 -24.1059489   -2.88738878  31.48106368
 -24.13897333 -27.80154437 -69.41882735 -16.17509958 -14.07416793
  23.17932761 -15.31409012  -8.63811801 -25.04647218 -17.26798533
  -5.06443524  44.28039933  40.53540693  35.11381802 -44.48839809
 -12.37409737  -6.04999266 -37.20758063 -70.37475391  -2.51666226]