[-3.80567013e+00  7.00959668e+00 -6.86567362e+00 -6.09653485e+00
  1.35390645e+01 -7.62907706e+00 -2.46757707e+01 -5.65411552e+00
  1.64651789e+01 -1.24871642e+00 -5.99755122e+00  7.95254123e+00
  1.66879359e+00  1.27043841e+01 -2.84410282e+01  9.19951130e+00
  2.02464539e+01 -3.50819658e+01 -2.75394641e+01  2.15834249e+01
  5.29988497e-01  1.04014807e+01  4.90672719e+01  1.56882028e+01
 -8.10497716e+00  1.22567896e+01 -2.39002875e+01 -1.90773737e+01
  2.66904717e+00 -5.56535731e+00  1.39273891e+01 -1.86539057e+01
 -1.48929857e+01  4.24871992e-01 -8.88762525e-01  1.34194296e+01
 -5.92582902e-01  4.92122576e+00  1.87275295e+01  9.82170841e+00
  5.77261914e+00  1.08145034e+01 -6.18266708e+00 -4.01521613e+00
 -1.18923316e+01  9.82769690e+00  1.09482596e+01  4.01680303e+01
 -1.45374275e+01  4.54546326e+00  7.58662642e+00 -2.04039385e+01
 -4.37795212e-01 -2.09521958e+01 -2.40084346e+01 -3.41121095e+01
 -1.09833256e+01  1.15792572e+01  4.64913816e+00  8.86623789e+00
 -9.89142496e-01 -1.23267226e+01 -1.09637745e+01  1.71298492e+01
 -3.61960043e+01  4.41086093e+00  9.69469595e+00  9.59719054e+00
 -2.00230165e+01 -1.65552643e+01  4.54762758e+00  2.05247177e+01
  1.66271285e+01 -2.83477870e+01 -2.33178589e+00  2.26777547e+01
 -2.51717604e+01 -2.36912325e+00  8.27452576e+00  4.63626948e+00
  1.74602105e+01  4.40817671e+00  7.36766934e+00 -4.07621912e+01
  1.64938653e+01 -9.33204666e+00 -4.21718761e+00 -1.02027465e+00
 -6.52100334e-01 -5.13191072e+00  9.10115255e+00  7.63404156e+00
  6.57184331e+00  1.09198224e+01  5.37405289e+00 -1.27311071e+00
  1.64413110e+01  4.59190394e-01  2.67392035e+01 -6.09232751e+00
 -4.63045746e+00 -1.82818445e+01 -2.49971910e+01 -7.75134871e+00
  1.02782580e+01 -3.00253331e+01 -1.45612899e+01  1.13416121e+01
  9.23710008e+00 -2.22315234e+01 -2.93062009e+01  2.00955236e+01
  1.50773608e+01 -2.09809625e+01  6.51279976e+00 -1.79160505e+01
  2.12708402e+01  1.29313573e+01 -4.47856551e-02  1.10538593e+01
 -1.61694747e+01  1.04619738e+01 -1.30617128e+00  2.30925391e+01
  7.21315769e-02 -2.93276925e+01 -1.66699599e+01  3.89843239e+00
 -1.68268004e+01  2.46273732e+00  1.54560315e+00 -1.16486092e+01
  1.19475136e+01  4.07784082e+01  1.79467191e+00  1.72560904e+01
 -5.53745072e+00 -1.21217624e+01  8.27124719e+00  4.66723392e+00
  1.75029550e+01 -3.98221530e+00 -5.29508652e+00 -7.10952094e+00
  1.03188979e+01  1.49079242e+00  7.45564546e+00  1.56659397e+00
  9.61474560e+00  2.36203545e+01  2.63401248e+00  1.24504697e+00
  1.92634658e+01 -1.79842326e+01  6.64989339e+00  9.55614363e+00
 -1.49381019e+01  2.22762154e+00 -6.07350580e-02 -2.35562086e+01
  1.04066084e+01  4.13097137e-01 -6.49055252e+00  1.71450959e+01
  1.16171300e+01 -3.34983328e+01  6.78777923e+00 -5.33673755e+00
  4.99869706e+00  1.40140598e+01 -1.32050077e+01 -8.85810758e+00
  2.69633711e+01 -4.46927820e+00  2.18240452e+00  4.69901513e+00
  2.25261242e+01 -1.16719866e+01 -1.37624184e+01  1.86697193e+01
 -1.29383009e+01  2.57199784e+01  9.68410653e+00  3.40530108e+01
  1.66074099e+00 -1.39399118e+01 -1.17648317e+00  1.13868427e+01
 -1.13429190e+01 -1.32611763e+01  1.32534844e+01 -7.73547336e+00
 -2.29525559e+01 -2.61579233e+00  2.35360540e+01  1.09251634e+01
  8.12151566e+00 -2.58370050e+01 -7.27408801e-01 -1.69357867e+01
  2.44835547e+00 -7.53698147e+00  1.76964935e+01  6.98866158e+00
  3.83890410e+00 -8.05011782e+00  1.81072819e+01  3.18070754e+01
  2.02842669e+01 -1.45764678e+01  4.34068910e+01  5.02575899e+00
  2.64624965e+01 -1.69113370e+01  1.30494127e+01  5.22347020e+00
  9.04667917e+00  1.12309155e+01 -2.88642940e+01  1.75204612e+01
  1.08527877e+01 -1.94000883e+01 -4.92653342e+00  1.12601940e+01
  6.22585688e+00  8.84450098e-01 -3.32207529e+00  3.83998990e+00
  2.06099917e+01 -2.00988491e+01 -1.08783418e+00 -9.10964157e+00
 -2.76859678e+01 -3.02468552e+00 -5.61873650e+00 -1.67207385e+01
 -5.90700779e+00 -4.73755462e+00 -7.88545322e+00  1.74642643e+01
  9.23756100e+00 -2.45232587e+01  1.77876110e+01 -4.64369214e+00
 -8.22619393e+00  1.47274930e+01 -3.70825244e+01 -1.06206973e+01
  1.96539154e+00  1.46828570e+01 -3.71765688e+01  3.90059199e+00
  1.48005250e+01 -1.02559177e+01 -3.26803408e+01  1.99523261e+01
  3.59620335e+00 -1.45752404e+01  2.04722517e+01 -2.99138739e+01
 -2.14335568e+00  1.18765525e+00  8.43958158e+00  2.01084415e+01
 -2.87560046e+00 -2.25417712e+01 -2.13447978e+01 -9.87040380e+00
  3.46390148e+00 -1.46170547e+01  2.44858930e+00  1.61175939e+01
  2.17072429e+00  1.12883733e+00 -6.11988837e+00 -9.89305013e+00
 -1.11481488e+01 -1.29568384e+01 -9.91001314e-01  1.88778529e+01
 -7.19524645e+00 -1.02176379e+01 -2.71722351e+01 -3.71567333e+00
 -5.81380826e+00  9.47169306e+00 -4.08183805e+00 -6.98237129e-01
 -7.44691037e+00 -9.51893853e+00 -3.84441539e+00  1.25833047e+01
  2.01159389e+01  2.16809865e+01 -1.86308290e+01 -3.12432593e+00
  5.61650102e+00 -2.03575664e+01 -3.23254125e+01 -4.17860523e+00]