[ -13.79402777   22.08182053  -18.39589238   -9.63250856   41.90621939
  -19.27194553  -80.68153027  -19.4993728    61.51682372   -7.42294574
  -20.94816316   25.01702902   -1.90738761   34.64425016  -87.35748088
   24.89702178   67.92045017 -112.89942121  -82.403035     74.40215543
    0.37013277   32.99126318  155.84390002   52.33867672  -28.90002413
   36.72059748  -74.66702637  -69.97755533    6.6354619   -19.29140225
   51.63420281  -61.66553817  -49.04355471   -7.3654089     2.28856832
   35.30225135   -0.90386261   18.27554663   60.59749764   41.8804855
   16.48570796   28.16724254  -24.79478961  -15.9959755   -40.66395445
   31.2336081    35.72193567  125.29490229  -43.79210952   17.04851897
   24.29894061  -66.89052293   -4.80262259  -74.98844697  -75.82670478
 -104.91777431  -31.68610019   31.92187695   13.92967379   28.28107905
    0.21264042  -42.85546187  -33.60467705   49.32224327 -115.32686403
   10.47787393   36.35561284   32.35999427  -64.57410842  -49.64856562
   14.2106484    62.71080421   51.57581312  -85.84902676   -9.00420132
   75.66109556  -87.32038943    0.37704537   28.45857242   24.42894067
   59.32442781   16.81248878   18.96693907 -125.73978584   47.04011819
  -33.71001767  -23.53540421    0.22392884   -2.80077412  -19.09472715
   31.13638157   30.16710815   21.34632368   38.65585103   20.39834667
   -6.90680907   57.57852683   -1.72256565   84.94986826  -23.41742565
  -15.13472005  -61.27202017  -86.97811027  -34.31523877   30.64937168
  -94.24763711  -47.94348065   36.0317561    27.27458512  -70.29138045
  -98.87630104   65.30826259   51.45238487  -69.02749386   30.22354657
  -56.84084667   69.24398208   45.79614892   -1.52464641   37.00371343
  -53.98398153   27.72381766   -8.43532347   69.29663622    7.89123929
  -91.76417508  -60.36461742   14.20463086  -50.31068864   12.6110659
    8.95087493  -36.97020714   45.56250019  132.94770502    4.71009714
   55.77836214   -7.66787317  -35.18532617   38.82545223   11.97960316
   62.21485393   -7.6325194   -13.63075608  -17.77180745   37.03177253
    9.01025029   26.16829461    0.86221039   27.87106082   76.5727961
    4.55969431    6.51671943   56.1104946   -57.2937718    14.67031264
   31.70641972  -48.62165083    4.07691893    1.63771027  -71.46301952
   29.43777563    7.92879219  -23.03221133   50.76820418   34.1538404
 -101.70227864   20.77995974  -14.4166209    18.05139997   42.25251355
  -43.76132131  -36.32185586   89.57133524  -18.71200294    8.46036319
   16.40103089   62.00300825  -36.77861077  -42.46661947   66.66379798
  -42.23491899   85.97355566   25.3584313   109.38155426    5.27570952
  -48.50698494   -4.19942163   34.23446672  -33.26207733  -37.99720094
   40.58222703  -22.72014958  -69.83560072  -12.6239328    73.43573817
   33.95940986   21.16097985  -88.35137372   -1.53310953  -49.00154995
   10.87436385  -17.35216157   53.81792448   23.84071723    8.88586313
  -22.02236896   62.58740707  102.91293868   64.00642646  -39.43583979
  141.33602993    8.56546588   89.96060461  -54.2092843    32.84729526
    8.18205156   30.80166955   34.6456961   -87.32587163   56.70768664
   33.21097191  -64.61665231  -16.63773478   38.97438967   24.495511
   -0.18304744  -14.45389737   10.71845055   71.64914838  -65.8175487
   -3.85740611  -23.74196214  -85.26990846  -17.91288006  -12.78821249
  -54.43577976  -19.04243662  -19.82864688  -19.47938776   57.87496956
   34.29639863  -75.56298151   55.97035583  -13.66717662  -23.6162644
   50.53742952 -123.64417735  -42.34484584    5.90498383   41.66141889
 -122.39771894   11.69057976   43.5478163   -31.8339761  -107.40000504
   60.63041411   15.10587672  -52.18730443   63.63321054  -92.75222988
  -12.27182771    7.0515249    23.73662034   64.97142139   -8.05683162
  -77.42432712  -71.70830593  -25.90406944   13.14712036  -49.32121773
    4.08915822   48.40182617    3.64254477    8.91196978  -17.33942741
  -35.67131056  -29.10097519  -43.60686893   -2.15273108   59.4050662
  -33.4583679   -34.71378066  -94.40765332  -16.51695733  -14.6957619
   25.55839573  -15.17733668   -2.3582639   -34.25045025  -26.87122186
   -8.01437438   43.59191122   65.83427475   65.01641281  -64.77412122
   -6.33395541   12.77119144  -65.94613981 -109.11675369  -14.10393049]