[-4.13928663e+00  1.17418968e+01 -4.66258919e+00 -1.37606170e+01
  2.71239509e+01 -1.35415073e+01 -4.87688581e+01 -1.38119102e+01
  3.41478614e+01 -3.10688157e+00 -3.66947180e+00  1.86528744e+01
 -2.07031957e+00  2.82418847e+01 -5.91106782e+01  1.85345644e+01
  3.32206850e+01 -7.71565745e+01 -5.54520094e+01  4.80028215e+01
  7.02237283e+00  1.91563704e+01  9.48483213e+01  2.96522323e+01
 -1.75741224e+01  2.11180788e+01 -5.44844083e+01 -4.42074286e+01
  4.41441456e+00 -1.41379558e+01  2.60218100e+01 -3.58709935e+01
 -3.18063270e+01 -4.35863028e-02 -4.28862199e+00  2.23670494e+01
 -7.09062371e+00  1.12037256e+01  4.01533871e+01  2.92064855e+01
  1.50125759e+01  1.97789738e+01 -1.05214263e+01 -1.51474042e+01
 -2.88424461e+01  1.88791190e+01  2.46045106e+01  8.03220215e+01
 -3.08915209e+01  8.75091607e+00  1.05198151e+01 -4.02853254e+01
 -4.37329161e+00 -4.12301577e+01 -5.17600693e+01 -7.02926958e+01
 -1.98358569e+01  2.67502451e+01  5.61814885e+00  1.85921897e+01
 -3.99471701e-01 -2.73244079e+01 -2.34177886e+01  3.18118325e+01
 -6.99573047e+01  7.57925087e-01  1.83165664e+01  1.30382759e+01
 -4.76480744e+01 -3.66938451e+01  1.31084054e+01  4.38704570e+01
  3.21113509e+01 -5.48517472e+01 -7.55922820e-01  4.66490233e+01
 -5.31658758e+01 -1.53595605e-01  2.26688266e+01  1.57316395e+01
  3.44126636e+01  1.10718227e+01  1.27278595e+01 -8.66374209e+01
  3.28224598e+01 -1.91187190e+01 -7.43316678e+00  5.28384510e+00
 -3.73331338e+00 -1.63189701e+01  1.87356921e+01  1.64710438e+01
  1.14865906e+01  2.01710360e+01  1.22032166e+01 -1.05153543e+01
  3.31712712e+01  3.22794369e-01  5.18541226e+01 -1.72100680e+01
 -9.43527768e+00 -3.87552129e+01 -5.18746241e+01 -2.04612091e+01
  1.90312541e+01 -5.69418430e+01 -3.56516863e+01  1.90415422e+01
  1.49509333e+01 -4.54223667e+01 -5.93795418e+01  4.23755414e+01
  2.32333881e+01 -4.40388771e+01  1.31732056e+01 -3.26914226e+01
  4.37154822e+01  2.48542213e+01 -3.44944582e-01  2.14964907e+01
 -3.36645002e+01  2.22084011e+01 -3.45651066e+00  4.64748329e+01
 -2.54113132e+00 -5.65265741e+01 -4.18630102e+01  6.77084888e+00
 -2.96477293e+01  7.02616278e+00  3.23614359e+00 -1.67945091e+01
  2.54709491e+01  8.31902223e+01  1.03684543e+01  3.11305904e+01
 -1.35620034e+01 -2.43896637e+01  2.12228206e+01  6.01409374e+00
  3.72208193e+01 -9.55861754e+00 -9.76838241e+00 -1.10787038e+01
  1.89784745e+01  3.30407475e+00  1.62245359e+01 -4.74681347e-01
  1.91514400e+01  5.09515916e+01  8.13562859e+00  6.35186152e+00
  3.15576690e+01 -3.42590583e+01  2.56280523e+00  2.33843515e+01
 -3.09799044e+01  5.96855727e+00 -1.39152323e+00 -4.32953142e+01
  2.44063050e+01  8.18795407e+00 -1.25185690e+01  3.02876298e+01
  1.74403131e+01 -6.11878019e+01  1.30485516e+01 -1.55353202e+01
  1.13154335e+01  2.75993253e+01 -3.27168458e+01 -2.19160973e+01
  5.63577255e+01 -1.29939857e+01  1.94858634e+00  1.17014319e+01
  4.04647162e+01 -2.31375980e+01 -2.44419743e+01  4.33492982e+01
 -2.43362987e+01  5.93244501e+01  1.68640584e+01  6.73526113e+01
  1.92319177e+00 -3.57230459e+01 -1.91795749e+00  2.42632606e+01
 -2.36586446e+01 -2.41538038e+01  2.84512618e+01 -1.58789851e+01
 -4.61208712e+01 -9.79970899e+00  4.47180992e+01  2.23918910e+01
  1.97774384e+01 -5.86717842e+01 -6.02681719e+00 -3.41525191e+01
  7.68352700e+00 -1.88499586e+01  3.12282409e+01  1.72858610e+01
  1.71855383e+00 -1.58529789e+01  3.94822297e+01  6.60968591e+01
  3.65280022e+01 -2.72156275e+01  8.48807082e+01  4.90304730e+00
  5.86533739e+01 -3.54043505e+01  2.07710310e+01  1.31462456e+00
  2.12849686e+01  2.14772381e+01 -5.40055252e+01  3.53055498e+01
  2.12729109e+01 -3.91038424e+01 -9.84052418e+00  2.73795030e+01
  1.56128584e+01  8.19970408e-01 -8.98508218e+00  4.50255983e+00
  4.13215851e+01 -4.37747553e+01  7.39006759e-01 -1.46978069e+01
 -5.10806122e+01 -9.51019791e+00 -2.65822288e+00 -3.37630101e+01
 -5.98946339e+00 -7.23566839e+00 -1.03782155e+01  3.08885979e+01
  2.21460164e+01 -5.27951848e+01  4.30082501e+01 -1.41472540e+01
 -1.69491568e+01  3.25292619e+01 -8.08390311e+01 -2.87503542e+01
  5.26605517e-01  2.65843327e+01 -7.96600438e+01  7.85875115e+00
  3.41845248e+01 -1.99421270e+01 -6.89165449e+01  4.30822251e+01
  1.04914727e+01 -2.90380114e+01  3.86581300e+01 -6.32339125e+01
 -8.20878768e+00  4.65403472e+00  1.71681556e+01  4.33206682e+01
 -5.85554192e+00 -5.15158873e+01 -4.11584822e+01 -1.88415667e+01
  1.42091314e+01 -2.85047764e+01  5.77402325e+00  2.72278396e+01
  8.82263734e+00  4.96778577e+00 -1.70473576e+01 -2.20345717e+01
 -2.12723950e+01 -2.75223234e+01 -3.85563999e+00  3.85757933e+01
 -1.46221375e+01 -2.14323481e+01 -6.00185351e+01 -1.20700735e+01
 -9.25405808e+00  1.86994648e+01 -7.48428401e+00 -1.41977398e+00
 -1.41592541e+01 -2.02097222e+01 -3.70256040e+00  2.51986482e+01
  3.86789613e+01  3.80152352e+01 -4.46735579e+01 -4.01121924e+00
  4.86570779e+00 -4.68963863e+01 -6.84374799e+01 -9.33361141e+00]