[-6.11946114e+00  1.32419682e+01 -7.73635912e+00 -4.80919926e+00
  2.40842127e+01 -8.01439870e+00 -3.96697262e+01 -7.99681718e+00
  2.86034567e+01 -7.81168792e+00 -8.34842947e+00  1.23350291e+01
  7.14293587e+00  1.75302542e+01 -4.46739467e+01  1.00915762e+01
  3.38107290e+01 -6.17720645e+01 -4.13840232e+01  3.41799833e+01
  1.80359405e+00  1.69024423e+01  7.60543875e+01  2.70472201e+01
 -1.45653775e+01  1.79669371e+01 -4.14635153e+01 -3.51268738e+01
  3.24369518e+00 -1.19718288e+01  2.23346895e+01 -3.07126428e+01
 -2.94553502e+01 -5.80729253e+00  3.01173060e+00  1.63401577e+01
 -1.83723881e+00  1.08154345e+01  2.89616154e+01  2.06387835e+01
  1.08716793e+01  1.29053010e+01 -1.34067698e+01 -1.15366038e+01
 -1.61292813e+01  1.13597924e+01  1.47138404e+01  6.58550792e+01
 -2.04986674e+01  7.67473321e+00  9.09461556e+00 -3.56998672e+01
 -4.80309908e+00 -3.66571010e+01 -3.76736196e+01 -5.44905589e+01
 -1.66362215e+01  1.80241415e+01  7.62080964e+00  1.43598739e+01
  1.28175089e-01 -1.97115094e+01 -1.69222450e+01  2.31067916e+01
 -5.68958438e+01  3.82066257e+00  1.76476409e+01  1.82559045e+01
 -3.53013804e+01 -2.88545671e+01  7.04762144e+00  3.27511066e+01
  2.65129856e+01 -4.24434674e+01 -6.45494566e+00  3.78751721e+01
 -4.60449367e+01  9.83403763e-01  1.57510554e+01  1.37289885e+01
  3.08657060e+01  1.13463644e+01  1.15265256e+01 -6.28504589e+01
  2.18500115e+01 -1.52496251e+01 -1.04259223e+01  4.38680975e+00
 -4.97204628e+00 -1.25761554e+01  1.51989791e+01  1.60223285e+01
  9.89162749e+00  1.65645780e+01  9.25143845e+00 -5.89532523e+00
  2.86226667e+01 -4.11137979e+00  4.63767257e+01 -1.63085005e+01
 -9.87833135e+00 -3.29620360e+01 -4.54459180e+01 -1.55427463e+01
  1.34112321e+01 -4.72469818e+01 -2.67704383e+01  1.49776847e+01
  1.25292880e+01 -3.90028061e+01 -5.17847560e+01  3.78387721e+01
  2.51769679e+01 -3.72535125e+01  1.78811772e+01 -2.73663357e+01
  3.72908619e+01  2.57397127e+01  4.19317518e+00  1.87496314e+01
 -2.85954584e+01  1.67001342e+01 -5.36338169e+00  3.34233961e+01
  5.02181099e+00 -4.65468605e+01 -3.28496013e+01  6.30875107e+00
 -2.62932231e+01  6.76425138e+00  1.57246927e+00 -1.58193088e+01
  2.26250781e+01  6.59617446e+01  4.84168175e+00  2.61260707e+01
 -4.01065510e+00 -1.63771257e+01  1.56970550e+01  5.24717956e+00
  2.98336644e+01 -3.72785617e+00 -5.68741917e+00 -8.89713132e+00
  1.67627199e+01  2.08992475e+00  1.57101678e+01 -3.89442718e+00
  1.51829598e+01  4.18951168e+01  2.38503548e+00  2.49867369e+00
  2.47459641e+01 -2.87575650e+01  8.19183274e+00  1.63116911e+01
 -2.34124275e+01  3.03722373e+00  7.63146728e-01 -3.72431251e+01
  1.80193647e+01  5.07540391e+00 -1.02046812e+01  2.25640054e+01
  1.54893601e+01 -5.17366458e+01  9.84803783e+00 -7.61164739e+00
  7.50854181e+00  2.31771456e+01 -2.19241023e+01 -1.82614283e+01
  4.51228236e+01 -1.06932802e+01  4.20328983e+00  7.22681524e+00
  2.98436372e+01 -2.03509730e+01 -1.99066009e+01  3.48349539e+01
 -1.94646657e+01  4.76678454e+01  1.56179982e+01  5.69728229e+01
 -2.29765997e+00 -3.00644212e+01 -1.44979051e+00  1.83050931e+01
 -1.59530248e+01 -1.69621886e+01  2.42121017e+01 -1.16159183e+01
 -3.60967684e+01 -9.46156192e+00  3.79608920e+01  2.02913568e+01
  1.34474421e+01 -4.72983810e+01  1.41288321e+00 -2.37729304e+01
  5.93399832e+00 -9.32282698e+00  2.92354629e+01  1.36834512e+01
  2.66986419e+00 -8.09757799e+00  2.91976995e+01  5.05036460e+01
  2.80546238e+01 -2.00666341e+01  7.38386865e+01  1.80918363e+00
  4.61297552e+01 -2.96539661e+01  1.73221481e+01 -1.58929294e+00
  2.03705076e+01  1.82477419e+01 -4.53994103e+01  2.73279395e+01
  1.45751944e+01 -3.40359737e+01 -1.22529431e+01  2.11926578e+01
  1.29962670e+01  5.65970233e-01 -8.83368850e+00  3.99260033e+00
  3.73373632e+01 -3.18426067e+01 -6.29671570e+00 -1.09436379e+01
 -4.15803903e+01 -6.54305013e+00 -1.72090784e+00 -2.89499929e+01
 -6.25936894e+00 -7.69119780e+00 -8.53691929e+00  2.83551080e+01
  1.78732918e+01 -4.32319662e+01  2.66292944e+01 -7.01882710e+00
 -1.12466834e+01  2.52473896e+01 -6.38239094e+01 -2.25554735e+01
 -2.15155410e-02  2.45160852e+01 -6.32652039e+01  3.85510761e+00
  2.25414249e+01 -1.68233838e+01 -5.59476513e+01  3.20226932e+01
  9.22585051e+00 -2.60289286e+01  3.25252663e+01 -4.74353855e+01
 -7.20959916e+00  4.32267202e+00  1.09021371e+01  3.44787420e+01
 -2.83086887e+00 -4.30581175e+01 -3.50463558e+01 -1.80977696e+01
  8.88747769e+00 -2.16956389e+01 -3.77935026e-01  2.21956927e+01
  4.10438934e+00  4.22255033e+00 -1.12052857e+01 -2.15272984e+01
 -1.40607844e+01 -1.97593131e+01 -2.61647163e+00  3.08654543e+01
 -1.55737188e+01 -1.57521284e+01 -4.84974744e+01 -9.38180757e+00
 -1.05315634e+01  1.31010782e+01 -8.39089192e+00  3.68262712e+00
 -1.69876399e+01 -1.23306530e+01 -3.65497912e+00  1.63814276e+01
  2.96398128e+01  3.38989874e+01 -3.65459724e+01 -4.16408603e+00
  9.62976312e+00 -3.58102241e+01 -5.25252933e+01 -8.47401735e+00]