[-3.16823383e+00  1.11066275e+01 -6.86763999e+00 -4.78882156e+00
  1.92766102e+01 -1.28739043e+01 -3.69466275e+01 -8.05039273e+00
  2.57106457e+01  1.10328515e+00 -6.26807540e+00  9.51413903e+00
 -1.23762124e+00  1.95246003e+01 -4.27055658e+01  1.65183762e+01
  3.00681600e+01 -5.47039009e+01 -4.17061792e+01  3.63571718e+01
 -1.10736624e+00  1.41785929e+01  7.41376830e+01  2.64590233e+01
 -1.52415875e+01  1.70060983e+01 -3.53819112e+01 -3.04066227e+01
  4.59636409e+00 -9.48848076e+00  1.93404336e+01 -3.10430126e+01
 -2.36540328e+01 -2.15871823e+00  4.57811879e-01  1.97744205e+01
 -3.12677824e+00  7.52054821e+00  2.72105829e+01  2.21461148e+01
  5.80839756e+00  1.57761874e+01 -1.04664327e+01 -7.70008214e+00
 -1.43935620e+01  1.38758475e+01  1.89147438e+01  5.99337060e+01
 -1.97614689e+01  6.79824508e+00  8.20119406e+00 -2.88567641e+01
 -8.29928757e-01 -3.35518595e+01 -3.50718011e+01 -5.05965983e+01
 -1.90357210e+01  1.85034694e+01  6.38251513e+00  1.33853984e+01
  3.11635770e-02 -2.06620359e+01 -1.29226077e+01  2.52446651e+01
 -5.34467807e+01  2.15058677e+00  1.48248479e+01  1.83849057e+01
 -3.09877130e+01 -2.30685138e+01  6.98084831e+00  2.98964794e+01
  2.78934249e+01 -4.17623307e+01 -3.40376700e+00  3.31524346e+01
 -4.21656035e+01  4.74964700e-01  1.73013205e+01  1.36859751e+01
  2.77967255e+01  7.91011197e+00  1.06535319e+01 -6.25171544e+01
  2.56013458e+01 -1.41528744e+01 -8.93715500e+00  4.93700642e+00
 -2.43707202e-01 -1.04883031e+01  1.26650016e+01  1.49971819e+01
  8.58054726e+00  1.89524754e+01  1.03947286e+01 -4.99483697e+00
  2.52580195e+01  2.40354768e+00  3.75348878e+01 -8.81117562e+00
 -5.28321711e+00 -2.81633216e+01 -4.04905748e+01 -1.29367345e+01
  1.75365810e+01 -4.40352071e+01 -2.27163861e+01  1.57626208e+01
  1.26506628e+01 -3.58624058e+01 -4.24129210e+01  3.28341915e+01
  1.89681000e+01 -3.11829564e+01  1.40907469e+01 -2.58407704e+01
  3.20789865e+01  1.97877742e+01  2.43477733e-01  1.62468244e+01
 -2.41167477e+01  1.66594782e+01 -1.40157336e-01  3.11523136e+01
  1.79016019e+00 -4.38782690e+01 -2.74081130e+01  6.88818966e+00
 -2.52933234e+01  7.75760317e+00  5.15954990e+00 -1.57322998e+01
  1.87372938e+01  5.95732260e+01  1.56031605e+00  2.93077053e+01
 -8.56677042e+00 -1.80402264e+01  1.64081139e+01  5.09513446e+00
  2.42851889e+01 -4.62609628e+00 -6.49355087e+00 -7.54383229e+00
  1.64138034e+01  2.89598442e+00  9.60538312e+00  4.80620289e-01
  1.27257637e+01  3.67239318e+01 -5.22103949e-01  3.56000767e+00
  2.67147853e+01 -2.82060913e+01  4.97990700e+00  1.65194644e+01
 -2.21072079e+01  1.49877997e+00 -3.05245993e+00 -3.16243537e+01
  1.71097628e+01  5.00430622e-01 -1.21480693e+01  2.40328793e+01
  1.33388200e+01 -4.85543075e+01  1.39849076e+01 -7.86601444e+00
  6.30450522e+00  1.91357289e+01 -1.94988613e+01 -1.68739170e+01
  4.17109672e+01 -1.01908687e+01  3.73032923e+00  4.16285833e+00
  2.90108268e+01 -1.77398178e+01 -2.00412539e+01  3.38811863e+01
 -2.07675724e+01  4.33949190e+01  1.02113556e+01  5.05296912e+01
  4.00023937e+00 -2.44845270e+01 -8.03365476e-01  1.67146057e+01
 -1.57498826e+01 -1.92510824e+01  2.05988744e+01 -9.71680144e+00
 -3.33994193e+01 -8.71584191e+00  3.49257891e+01  1.61062803e+01
  1.21383337e+01 -4.09102236e+01 -2.18723624e+00 -2.47870640e+01
  3.42389357e+00 -6.64854080e+00  2.81603035e+01  1.29400397e+01
  3.56291251e+00 -1.31993072e+01  3.20984467e+01  4.94629939e+01
  3.20315685e+01 -2.18272292e+01  6.39783679e+01  6.24371864e+00
  4.20672301e+01 -2.76263636e+01  1.41062167e+01  4.74207025e+00
  1.41722239e+01  1.44515981e+01 -4.12078756e+01  3.05501293e+01
  1.44765384e+01 -3.05195191e+01 -4.99779760e+00  1.60889574e+01
  1.22520187e+01  1.51103038e+00 -4.58358419e+00  3.37351361e+00
  3.34471940e+01 -2.98876823e+01 -4.95164393e-01 -8.17319889e+00
 -3.98002229e+01 -9.77052510e+00 -5.80427283e+00 -2.26969541e+01
 -8.54205609e+00 -7.04185230e+00 -9.62711651e+00  2.81976920e+01
  1.89029943e+01 -3.59309382e+01  2.60319892e+01 -7.16118405e+00
 -1.28535605e+01  2.34014635e+01 -5.99380912e+01 -2.17132096e+01
  5.28541875e+00  2.29401530e+01 -5.38218541e+01  6.26970524e+00
  2.30417164e+01 -1.42815180e+01 -4.96169835e+01  3.01125385e+01
  8.16444635e+00 -2.38698819e+01  3.21832556e+01 -4.40382108e+01
 -7.66548663e+00  3.66676580e-01  1.47980194e+01  3.10056122e+01
 -1.82539929e+00 -3.89415910e+01 -3.28059344e+01 -1.36932258e+01
  8.97472736e+00 -2.42848716e+01  3.98152817e+00  1.97416948e+01
  3.93645423e+00  3.02677235e-03 -9.51067818e+00 -1.72682134e+01
 -1.54654108e+01 -1.78361314e+01 -2.49248786e+00  2.61284158e+01
 -1.42042506e+01 -1.42490909e+01 -4.25832675e+01 -6.74740103e+00
 -7.21072840e+00  1.55543792e+01 -7.89687045e+00 -1.21469645e+00
 -1.69280111e+01 -1.40170895e+01 -4.43966336e+00  2.24363703e+01
  2.57765058e+01  3.16142635e+01 -2.74904217e+01 -5.61287290e+00
  5.51371659e+00 -3.20271400e+01 -5.05903232e+01 -4.97323302e+00]