[ -5.94034953  10.59798229 -11.84066843   1.84374661  18.23136776
  -9.79273856 -40.48456831  -9.41567209  32.69469229  -4.64004982
 -13.29625293  10.23284285   3.96042978  14.55613413 -43.14819082
   6.54246205  36.57244916 -52.3425583  -37.20533436  38.327244
   3.07915114  20.87767929  73.39839574  26.48626369 -14.63269155
  18.21894578 -31.32033858 -38.57385063   5.56360254 -10.68140801
  30.3989827  -30.19972639 -28.56933883  -8.64276088   6.21791816
  17.34459238   1.11331351   7.2888661   31.64266133  15.26785048
   5.37498945  11.59961072 -16.65976412  -6.51446095 -22.25283067
  17.66706154  10.31532543  63.0814827  -21.16766767  11.02300935
  13.10166183 -29.33212098  -3.48999175 -35.38613787 -35.92157193
 -49.19716208 -21.4070766   17.01454849  10.22757193  14.30875512
   4.64931334 -26.03947626 -23.01667907  22.45721721 -59.73931769
   4.95593414  19.41502769  15.91822398 -27.28353286 -18.70987558
   4.68922252  24.38758396  28.44084182 -37.83238574  -3.81176891
  35.97067183 -44.26067478   0.34468406  10.0727877   10.01881677
  30.06479358   4.59362873   5.03496758 -59.91466903  17.86408094
 -17.45926731 -12.71795159   0.16120831  -2.53930648 -10.86714188
  12.10446487  13.919858    11.89216918  17.41601095   8.68840143
  -0.60481824  30.25658877   1.33414069  46.39111787 -14.61543466
 -16.65979705 -29.22502636 -39.76065524 -22.6304019   19.51681697
 -45.52988696 -18.24238004  14.814283    15.10704274 -33.8882818
 -53.89442525  32.55797013  25.75232904 -29.90888965  12.91802906
 -27.83784139  41.18398455  26.27864687   0.47383614  18.39186534
 -28.52928651  13.04347506 -10.31565779  36.78992867   3.5409157
 -43.35095594 -31.90993796   3.3966329  -28.65947111   4.53122503
   0.30653785 -13.4101318   24.36386996  64.61667964  -2.73292587
  30.89885612   2.89067176 -17.28722552  17.51792      4.03884319
  28.42040829  -3.2150564   -9.14739141  -9.2409409   19.16021298
   3.63596373  14.7359106   -0.55481451  14.31303623  41.41412842
   6.72618526   3.46219085  32.81114714 -28.19298328   7.82233018
  15.72020909 -20.78632229   2.02058776   1.55484883 -35.18701615
  12.25402346   2.43412803 -12.6891739   16.57907223  14.9149001
 -52.90305953   7.83480044  -7.2435706    7.84498065  19.22695697
 -21.45280927 -22.52682272  41.47842271  -6.14158398   7.65604377
   6.84145527  30.63331553 -22.27444167 -20.07607077  32.39252055
 -20.74443436  43.41001659  12.47518816  52.54389494   3.35130891
 -23.40543571  -0.1505344   10.62746256 -14.93686053 -17.3888258
  18.09671618 -10.60777437 -33.15611393  -1.79154925  33.91386337
  14.64542773   7.89133492 -47.52571663   1.00854048 -23.20474155
   3.77061632  -4.99637512  24.12861914   7.35685671  11.17253865
 -12.55467377  31.77062988  49.78115445  28.59950581 -19.3224314
  68.75696788   4.4280264   41.15293085 -30.08915428  18.3468997
   4.24226436  12.82312792  22.56201628 -42.35482139  21.7546708
  14.19165453 -30.45588981 -13.31362303  19.08709865   7.76607431
  -3.71413429 -10.68488994   5.16678671  35.59497584 -33.4986827
  -5.41621125 -16.90112201 -43.5333806  -12.09912894  -4.34187019
 -23.56020304  -5.28541984  -7.67423454 -11.24766025  32.8488889
  17.12671441 -35.98816349  25.57922787 -13.10161024 -14.94264711
  23.28608533 -64.08128854 -18.76625564   0.7624598   15.18322137
 -63.40292206   5.11523325  17.12815613 -15.83698918 -54.56814961
  30.94754874  10.9759545  -27.84269202  33.58516039 -45.66845656
  -2.42361124   4.40888209  12.52519417  30.71784437  -2.43258688
 -38.97752885 -29.60103508  -8.43796598   4.54485233 -25.28026328
  -0.99975791  22.22876511  -0.09126857   6.06407227  -8.23216018
 -19.56865831 -15.53503979 -17.34647888   0.08099945  25.40171019
 -17.73931538 -20.81708199 -47.13457635  -9.27878894 -11.79405425
  15.02120892  -8.34248628   0.27396456 -14.96546778 -13.05263994
  -2.87107273  21.46213276  36.24276301  30.73527671 -27.91019996
  -4.09628803   6.65907437 -30.16324368 -51.83929558  -9.07388531]