[-1.05533780e+01  1.51631572e+01 -1.64646971e+01 -5.33980017e+00
  3.93270018e+01 -2.00333489e+01 -8.58880374e+01 -1.98779795e+01
  6.22418623e+01 -9.07978962e+00 -1.63764533e+01  2.66761180e+01
 -7.21067790e+00  3.71950296e+01 -9.44801638e+01  2.85970999e+01
  6.45725665e+01 -1.16015571e+02 -8.46050741e+01  7.94732344e+01
  5.28715877e+00  3.57407286e+01  1.55385586e+02  5.50786591e+01
 -3.16084704e+01  3.14497170e+01 -7.68365385e+01 -8.10361398e+01
  8.34421840e+00 -2.20755374e+01  5.61034097e+01 -6.07123739e+01
 -4.81932845e+01 -1.15220570e+01  2.90882219e+00  3.81130214e+01
 -4.51383992e+00  1.81609858e+01  6.76606021e+01  4.45368234e+01
  1.70375343e+01  2.35304097e+01 -2.37628182e+01 -1.55843511e+01
 -4.95580495e+01  3.48845202e+01  3.64902853e+01  1.28254703e+02
 -4.97954855e+01  1.75092460e+01  2.30886834e+01 -6.58042203e+01
 -5.60813967e+00 -7.27002837e+01 -7.88183407e+01 -1.06029311e+02
 -3.49541480e+01  3.54548832e+01  1.30912482e+01  2.86028084e+01
  5.29977797e+00 -5.43945214e+01 -4.01572754e+01  5.06823998e+01
 -1.20684791e+02  7.41479018e+00  3.80421777e+01  2.63932088e+01
 -6.73566339e+01 -5.10095894e+01  1.64650022e+01  5.96952285e+01
  5.15408680e+01 -8.39865348e+01 -3.52330378e+00  7.44442999e+01
 -8.58553892e+01  9.67912520e-01  3.10790858e+01  2.40714348e+01
  6.01773422e+01  1.22244652e+01  1.36225341e+01 -1.36529348e+02
  4.80783129e+01 -3.40242841e+01 -2.10124842e+01  6.35701407e+00
 -3.29973010e+00 -2.13972950e+01  2.99457216e+01  2.86568611e+01
  2.11813973e+01  3.96273864e+01  2.04009546e+01 -1.04920102e+01
  5.74835332e+01  3.93989453e+00  8.58634094e+01 -2.36402472e+01
 -2.01280362e+01 -6.28342267e+01 -8.70286649e+01 -4.20783921e+01
  3.81843198e+01 -9.04996114e+01 -4.66978873e+01  3.15662278e+01
  2.64796440e+01 -6.85365791e+01 -1.02635854e+02  6.28456865e+01
  4.53904443e+01 -6.41623617e+01  2.38501602e+01 -5.73281916e+01
  7.31862898e+01  4.56228505e+01 -5.51643272e+00  3.19304287e+01
 -5.92973354e+01  2.95953520e+01 -1.31896492e+01  7.52500199e+01
  3.21105965e+00 -8.70795675e+01 -6.93048684e+01  8.45967519e+00
 -5.23382570e+01  1.11407047e+01  7.81272926e+00 -3.00303584e+01
  4.97206684e+01  1.34580142e+02  2.74017182e+00  5.85192001e+01
 -8.08999015e+00 -3.67373793e+01  4.34762021e+01  6.23090343e+00
  6.28735332e+01 -1.01552773e+01 -1.85185062e+01 -1.30130713e+01
  3.57452936e+01  7.31569420e+00  2.50214647e+01 -1.91345185e+00
  2.93888184e+01  8.49360383e+01  1.38501957e+01  1.14998647e+01
  5.83015178e+01 -5.82648671e+01  6.75463059e+00  3.25156037e+01
 -4.65449408e+01  1.74658691e+00  2.16194554e+00 -6.70996070e+01
  3.02870470e+01  6.11848059e+00 -2.50124673e+01  3.95737831e+01
  3.41161566e+01 -1.04067978e+02  1.90650876e+01 -1.95662903e+01
  1.73134747e+01  4.53722201e+01 -4.87198150e+01 -4.09977864e+01
  9.24452651e+01 -1.87962494e+01  9.94950216e+00  2.02307886e+01
  6.33060413e+01 -4.44047429e+01 -4.35968231e+01  7.00150169e+01
 -4.39254754e+01  9.22465685e+01  2.15628111e+01  1.07705108e+02
  1.06876686e+01 -4.87797596e+01 -6.54631981e+00  2.94317631e+01
 -3.66934531e+01 -3.79498805e+01  3.82922109e+01 -2.25355431e+01
 -6.90805370e+01 -1.12014043e+01  6.78842622e+01  3.31759815e+01
  2.16503147e+01 -9.42091133e+01 -9.80076944e+00 -5.02880726e+01
  9.59846830e+00 -2.33155605e+01  4.77954530e+01  2.18606427e+01
  8.79032978e+00 -2.46626742e+01  6.66305900e+01  1.07627331e+02
  6.26612636e+01 -4.08183380e+01  1.34853888e+02  5.60137908e+00
  8.71166881e+01 -5.91544794e+01  3.32022295e+01  5.99469609e+00
  2.74826707e+01  4.03572792e+01 -8.58426536e+01  5.61619829e+01
  2.91651809e+01 -6.41099553e+01 -1.93616280e+01  4.21264291e+01
  2.16879680e+01 -2.81283317e+00 -1.78786368e+01  1.41831033e+01
  7.15909368e+01 -6.93596669e+01 -6.70322105e-02 -2.42445649e+01
 -8.65316140e+01 -2.31245342e+01 -9.45157917e+00 -5.39924288e+01
 -1.39978685e+01 -1.85437777e+01 -1.91253371e+01  6.13878122e+01
  3.81424691e+01 -7.65914395e+01  6.26482099e+01 -2.30150987e+01
 -3.18650356e+01  5.35220286e+01 -1.33770310e+02 -4.66193777e+01
  5.63038795e+00  3.78388817e+01 -1.30458349e+02  1.62457655e+01
  4.63743709e+01 -3.13047631e+01 -1.08627963e+02  6.34650780e+01
  1.70206650e+01 -5.24970976e+01  6.78011407e+01 -9.69875847e+01
 -1.62819486e+01  7.85546228e+00  2.87789863e+01  6.87657909e+01
 -9.26235769e+00 -8.47947159e+01 -6.63661658e+01 -2.24868303e+01
  1.62097333e+01 -5.30264419e+01  6.42713129e+00  4.77466054e+01
  3.41434119e+00  9.35543354e+00 -2.02014082e+01 -3.63890974e+01
 -3.23090847e+01 -4.04721012e+01 -1.61352142e+00  5.74857207e+01
 -3.48245077e+01 -4.03974463e+01 -1.01513883e+02 -1.86015027e+01
 -1.36934842e+01  2.66978034e+01 -1.09555542e+01 -4.33704968e+00
 -2.83847960e+01 -2.94383504e+01 -7.73273646e+00  5.25360837e+01
  7.31604371e+01  6.04098378e+01 -6.62462701e+01 -8.61951333e+00
  6.68995868e+00 -6.99918917e+01 -1.12702473e+02 -1.48474988e+01]