[  -8.97832967   23.96051097  -30.01245176   -6.05514088   42.33685399
  -24.36212301  -91.08809394  -19.78465088   68.32534536   -6.42985823
  -22.17864778   29.02654319   -1.31240949   38.80847672 -100.02889578
   28.40216505   81.39300771 -125.22866755  -97.350103     87.50018947
    4.97302432   45.30737518  179.44182562   63.50194491  -37.36363476
   39.80545931  -81.95435285  -83.67437501    8.20927637  -26.69889131
   69.92826015  -69.57669633  -64.2107707    -7.89020636    3.23783608
   45.74093111   -1.5771785    17.64078032   75.2673636    50.05511865
   10.38507463   30.46247184  -30.48110862  -14.9502877   -48.6561284
   37.37052215   34.50312191  140.11849128  -51.40989607   23.3799436
   31.38217069  -80.29530556   -2.71408971  -86.80598903  -89.34718443
 -123.03777115  -43.50287199   33.47764723   22.11209707   37.61379367
    3.30247729  -58.15977779  -41.37582424   63.08968041 -141.24554512
   13.25504459   47.29449212   36.73128844  -68.31318946  -50.86850541
   12.08696205   70.07370835   63.55557832  -96.49278968   -9.14346897
   85.53989383  -97.17945752   -2.9768275    29.68425227   28.2673194
   69.84351993   15.46482448   23.13270642 -145.18495913   51.92005364
  -39.0411375   -30.84990813    7.62619142   -3.41163894  -20.97663461
   31.97306809   34.22861928   20.80244458   43.43905008   26.91001979
   -7.02226936   65.01640925    4.14754976  102.41459026  -28.48716599
  -23.94060741  -72.47660152 -100.38232639  -44.41996607   38.4826215
 -105.38689762  -48.6267095    41.41273271   31.67211578  -79.50938235
 -120.20204379   78.05695823   49.87474226  -76.70981362   27.0220242
  -68.20774862   88.4598072    58.47323343   -8.63319036   36.30705236
  -64.0014067    34.03136597  -17.55086998   87.82167289   11.76006831
 -105.07619907  -72.69982408   11.35115701  -62.06181129   10.54722816
   10.09314425  -38.80363152   55.43423726  147.53239716    4.98648623
   74.79093994   -2.94489818  -41.39432873   44.92326706    6.17304097
   68.36709082  -12.71425677  -21.39352422  -23.72625361   40.36726652
   11.31147328   26.51978152    1.68451595   30.3013349    91.11478633
   12.8903513     9.53179655   75.20517607  -65.69542232   14.13678069
   31.72278762  -50.57053905    4.46957345   -1.62397903  -75.59074858
   35.700328      2.54727658  -31.85522314   48.38140134   41.3386984
 -126.57268096   19.86442972  -16.30420506   15.44202884   48.0775991
  -47.76237589  -42.68353149  107.3948889   -15.88435658   22.91240998
   12.16896151   77.86010952  -49.17254572  -47.32270839   81.09921871
  -45.57010738  102.89545245   27.65679767  125.57764549   11.50907695
  -49.03030789  -10.63651378   34.66201113  -34.00248031  -46.48298775
   44.02579104  -24.02995344  -80.09331665   -8.98063565   78.95628801
   30.82944186   22.78847348 -106.86092254   -6.67878457  -50.93174531
    7.53303213  -15.84116379   59.95715372   28.62352357   21.72357204
  -30.8974949    74.56752716  120.60159161   72.61117613  -44.61470081
  157.77358893    9.0869929    96.58198076  -67.95917346   36.90890972
    3.33391337   33.67724873   45.86296523 -105.16777268   66.81512484
   39.34628337  -75.20814153  -18.8979593    44.59289027   22.15004613
   -5.39608436  -17.88559741    9.96728022   76.85890028  -77.70513442
   -2.23225861  -27.05503573  -99.2567157   -30.61951639  -13.3074032
  -66.49494823  -18.80813694  -21.33515942  -27.65476251   71.16028964
   47.20290016  -80.23586789   68.236295    -18.2263432   -30.2622067
   63.39860567 -145.68495636  -51.22274316    8.26135551   49.1742826
 -148.12440969   21.20079131   52.96459424  -32.33607314 -128.80054763
   67.13824257   24.24775983  -54.70119856   79.60633781 -108.83311223
  -10.10555762    5.00899309   28.34848819   79.07978237   -9.87793642
  -94.93216097  -79.42208377  -26.46592819    9.54074487  -57.64597275
    4.70486057   58.6056506     1.15051282    6.80707821  -19.75488848
  -38.47755922  -37.51020461  -44.43554392   -1.36694366   65.91343245
  -40.91079743  -46.89584585 -112.56944292  -25.64490581  -21.43749959
   38.3542846   -21.27628069   -5.95178126  -37.23832054  -29.76876194
   -7.97203764   59.68284923   69.88828267   72.29362981  -81.23282204
  -14.7428352     9.36463373  -79.47999441 -125.15994233  -15.6880277 ]