[-6.53342456e+00  1.10727192e+01 -8.87048435e+00 -4.55576375e+00
  2.63616818e+01 -1.30871565e+01 -5.20492768e+01 -1.24999839e+01
  3.94892659e+01 -6.53571511e+00 -8.89139130e+00  1.54722764e+01
 -8.10960382e-02  2.24368661e+01 -5.62169435e+01  1.29798972e+01
  4.15253836e+01 -7.72497267e+01 -5.31333981e+01  4.72757840e+01
  4.43334390e+00  2.34351246e+01  9.66584889e+01  3.32645802e+01
 -2.10256263e+01  2.20557084e+01 -4.96114740e+01 -4.77248161e+01
  3.71541753e+00 -1.55270486e+01  3.14792394e+01 -3.80075552e+01
 -3.50500293e+01 -5.21991982e+00  9.64240718e-01  2.21892790e+01
 -1.97108643e+00  1.31136573e+01  3.97987303e+01  3.04732518e+01
  1.17561267e+01  1.67447405e+01 -1.57246805e+01 -1.56202228e+01
 -2.50383651e+01  1.88683234e+01  2.23235561e+01  8.03007303e+01
 -2.73635806e+01  1.01416804e+01  1.27201539e+01 -4.38756502e+01
 -4.52161705e+00 -4.85836557e+01 -4.91107835e+01 -6.79273303e+01
 -2.10379985e+01  2.40838481e+01  1.03092665e+01  1.99995866e+01
  1.60157549e+00 -2.80233373e+01 -2.27600299e+01  2.90956323e+01
 -7.25865518e+01  4.74559392e+00  2.33389234e+01  2.08941312e+01
 -4.39381189e+01 -3.23112530e+01  8.89455227e+00  4.11702188e+01
  3.26166790e+01 -5.36877340e+01 -7.45929043e+00  4.80043455e+01
 -5.95434457e+01  7.16659160e-01  1.97133512e+01  1.95006164e+01
  3.85699538e+01  1.16521433e+01  1.42245231e+01 -8.09587029e+01
  3.02225218e+01 -2.09774721e+01 -1.57447502e+01  5.46708021e+00
 -2.69757773e+00 -1.78979795e+01  1.87375377e+01  2.26802292e+01
  1.28127965e+01  2.32656563e+01  1.58473427e+01 -6.11689478e+00
  3.64733543e+01  3.05243949e-01  5.42335793e+01 -1.69553739e+01
 -1.20529034e+01 -4.25800392e+01 -5.69808503e+01 -2.45363146e+01
  2.02226585e+01 -5.91513318e+01 -3.37748253e+01  2.07708219e+01
  1.59245520e+01 -4.63555791e+01 -6.42177705e+01  4.61187204e+01
  3.15743336e+01 -4.42031279e+01  2.08647410e+01 -3.34653079e+01
  4.56356625e+01  3.09959719e+01  1.48668408e+00  2.38201878e+01
 -3.68584569e+01  1.94855536e+01 -6.12641035e+00  4.13942900e+01
  6.15301782e+00 -5.99399344e+01 -4.32015969e+01  6.94515952e+00
 -3.31565593e+01  7.93158994e+00  4.47046911e+00 -1.90924388e+01
  3.04461167e+01  8.54540137e+01  4.72716906e+00  3.69198638e+01
 -4.61701205e+00 -2.20952936e+01  2.64142918e+01  4.38307617e+00
  3.97949937e+01 -4.53796949e+00 -9.58597945e+00 -1.03240423e+01
  2.41780462e+01  6.54893766e+00  1.77992611e+01 -2.91964830e+00
  1.83642933e+01  5.18791289e+01  1.84116527e+00  6.02137364e+00
  3.31754493e+01 -3.79585114e+01  6.96395559e+00  2.14486905e+01
 -3.16195585e+01  3.41052637e-01 -1.01701638e+00 -4.30793956e+01
  2.02134877e+01  7.38558236e+00 -1.60516788e+01  2.86485308e+01
  1.86009516e+01 -6.31801220e+01  1.47732315e+01 -1.03124172e+01
  1.03890731e+01  2.94042561e+01 -2.95164459e+01 -2.53821295e+01
  6.14527396e+01 -1.35808190e+01  6.38993146e+00  9.56587603e+00
  3.94397211e+01 -2.50719703e+01 -2.63873003e+01  4.51743814e+01
 -2.52740276e+01  5.98181358e+01  1.41086277e+01  6.99360793e+01
  4.16546376e+00 -3.39890316e+01 -1.82791148e+00  2.15840950e+01
 -2.09316114e+01 -2.33556899e+01  2.77933017e+01 -1.50640686e+01
 -4.52517986e+01 -1.00969732e+01  4.65979820e+01  2.32326034e+01
  1.50172530e+01 -6.21419503e+01 -2.34948130e+00 -3.05794226e+01
  6.87326260e+00 -1.08230704e+01  3.46740512e+01  1.52692835e+01
  2.74074673e+00 -1.30422368e+01  4.28056704e+01  6.55466956e+01
  3.90700574e+01 -2.57516256e+01  9.08212583e+01  2.01459605e+00
  6.08697054e+01 -3.62824749e+01  2.06249109e+01 -8.00734141e-01
  2.44083936e+01  2.28083452e+01 -5.44029096e+01  3.51334362e+01
  2.11165139e+01 -4.20766135e+01 -1.27951204e+01  2.60989407e+01
  1.70725164e+01 -3.09585113e+00 -1.06453745e+01  3.46419685e+00
  4.66002168e+01 -4.27041601e+01 -4.51397033e+00 -1.12976947e+01
 -5.16855135e+01 -1.29725866e+01 -5.05472488e+00 -3.52719763e+01
 -1.01013016e+01 -9.98038006e+00 -1.07435162e+01  3.94201544e+01
  2.55858947e+01 -5.12854205e+01  3.58645103e+01 -1.13995388e+01
 -1.49441436e+01  3.34374149e+01 -8.18461561e+01 -3.08392713e+01
  2.59117412e+00  2.74939763e+01 -8.07197946e+01  8.14209255e+00
  2.88621447e+01 -1.86099683e+01 -6.98079121e+01  3.83631915e+01
  1.15433259e+01 -3.28082730e+01  4.26881619e+01 -6.02703538e+01
 -1.07703945e+01  6.67861294e+00  1.36976011e+01  4.29949704e+01
 -3.74272776e+00 -5.30622063e+01 -4.30183904e+01 -1.74185913e+01
  1.21825258e+01 -3.26008909e+01  1.95204544e+00  2.80383317e+01
  1.90796213e+00  2.04371121e+00 -1.18792556e+01 -2.45901050e+01
 -1.97905834e+01 -2.43147609e+01 -4.56201274e+00  3.70876616e+01
 -2.18288192e+01 -2.14103229e+01 -6.18795697e+01 -1.42769831e+01
 -1.29406039e+01  1.77781721e+01 -9.59733121e+00 -1.65641059e-01
 -2.27319506e+01 -1.74404194e+01 -2.57208640e+00  2.80235366e+01
  3.87967748e+01  3.82397012e+01 -4.38809444e+01 -6.18543952e+00
  7.08564195e+00 -4.46499433e+01 -7.06638068e+01 -8.28757333e+00]